#Header, frames per second, video resolution(hight width), total number of frames in video.
FPS: 29.97
RES: 720 1280
TNF: 804
Skip: 3
#Data x, y, h, w, c, and l always in this order, for each lane. Sorted in order.
{0, 0, 0, 0, 3, 1}{0, 0, 0, 0, 4, 2}{382, 226, 26, 74, 4, 3}{241, 252, 29, 90, 3, 4}{227, 281, 34, 138, 4, 5}{44, 324, 53, 160, 3, 6}{76, 399, 50, 193, 4, 7}{105, 556, 76, 308, 4, 8}
{474, 180, 38, 50, 3, 1}{0, 0, 0, 0, 4, 2}{379, 228, 27, 82, 4, 3}{232, 252, 28, 99, 3, 4}{212, 281, 35, 132, 4, 5}{29, 334, 41, 173, 3, 6}{56, 400, 51, 202, 4, 7}{78, 563, 67, 308, 4, 8}
{471, 139, 36, 63, 3, 1}{509, 162, 31, 77, 4, 2}{545, 191, 29, 95, 3, 3}{544, 227, 29, 85, 3, 4}{652, 244, 30, 93, 4, 5}{706, 287, 51, 108, 3, 6}{902, 316, 36, 106, 4, 7}{0, 0, 0, 0, 4, 8}
{471, 139, 36, 63, 3, 1}{511, 164, 25, 94, 4, 2}{558, 189, 32, 77, 3, 3}{549, 228, 26, 82, 3, 4}{659, 248, 29, 79, 3, 5}{709, 294, 36, 95, 3, 6}{902, 313, 41, 108, 4, 7}{0, 0, 0, 0, 4, 8}
{471, 141, 37, 68, 3, 1}{514, 161, 34, 88, 3, 2}{555, 185, 37, 86, 3, 3}{555, 223, 31, 73, 3, 4}{659, 246, 34, 92, 3, 5}{709, 292, 36, 103, 3, 6}{906, 313, 40, 102, 4, 7}{0, 0, 0, 0, 4, 8}
{471, 141, 37, 68, 3, 1}{514, 165, 32, 93, 3, 2}{559, 187, 32, 100, 3, 3}{553, 218, 37, 82, 3, 4}{666, 233, 48, 88, 3, 5}{718, 296, 42, 87, 3, 6}{906, 316, 47, 127, 4, 7}{0, 0, 0, 0, 4, 8}
{474, 141, 37, 68, 3, 1}{525, 165, 30, 81, 3, 2}{564, 186, 35, 88, 3, 3}{552, 222, 33, 80, 3, 4}{666, 235, 48, 83, 3, 5}{679, 304, 37, 124, 3, 6}{902, 320, 36, 115, 4, 7}{0, 0, 0, 0, 4, 8}
{481, 141, 37, 68, 3, 1}{518, 165, 28, 83, 3, 2}{565, 179, 43, 93, 3, 3}{550, 225, 37, 84, 3, 4}{667, 229, 59, 74, 3, 5}{698, 300, 43, 119, 3, 6}{918, 323, 39, 113, 3, 7}{0, 0, 0, 0, 4, 8}
{489, 145, 34, 68, 3, 1}{517, 163, 32, 84, 3, 2}{574, 183, 41, 81, 3, 3}{552, 227, 32, 80, 3, 4}{667, 238, 37, 79, 3, 5}{709, 298, 38, 104, 3, 6}{897, 323, 40, 114, 3, 7}{0, 0, 0, 0, 4, 8}
{489, 145, 34, 68, 3, 1}{516, 160, 33, 88, 3, 2}{572, 181, 40, 68, 3, 3}{550, 230, 34, 83, 3, 4}{660, 245, 31, 91, 3, 5}{708, 296, 37, 90, 3, 6}{906, 327, 38, 116, 3, 7}{0, 0, 0, 0, 4, 8}
{491, 144, 34, 68, 3, 1}{527, 163, 33, 68, 3, 2}{553, 183, 40, 100, 3, 3}{547, 230, 29, 95, 3, 4}{665, 242, 37, 83, 3, 5}{707, 289, 48, 86, 3, 6}{913, 317, 47, 91, 3, 7}{0, 0, 0, 0, 4, 8}
{498, 140, 35, 65, 3, 1}{529, 160, 31, 69, 3, 2}{549, 188, 32, 93, 3, 3}{548, 228, 31, 93, 3, 4}{659, 247, 33, 97, 3, 5}{710, 290, 47, 88, 3, 6}{914, 312, 57, 100, 3, 7}{0, 0, 0, 0, 4, 8}
{498, 140, 35, 65, 3, 1}{534, 156, 35, 58, 3, 2}{551, 189, 35, 91, 3, 3}{545, 225, 37, 97, 3, 4}{658, 245, 43, 98, 3, 5}{710, 294, 42, 86, 3, 6}{916, 312, 52, 99, 3, 7}{0, 0, 0, 0, 4, 8}
{499, 138, 35, 65, 3, 1}{532, 151, 37, 61, 3, 2}{555, 184, 37, 83, 3, 3}{541, 228, 31, 116, 3, 4}{655, 246, 37, 120, 3, 5}{702, 301, 36, 106, 3, 6}{915, 314, 54, 125, 3, 7}{1185, 365, 55, 73, 4, 8}
{486, 138, 34, 62, 3, 1}{531, 148, 42, 79, 3, 2}{561, 183, 34, 90, 3, 3}{543, 229, 30, 103, 3, 4}{651, 244, 33, 109, 3, 5}{702, 299, 36, 114, 3, 6}{899, 308, 63, 118, 3, 7}{1186, 371, 46, 65, 4, 8}
{486, 138, 34, 62, 3, 1}{519, 151, 39, 69, 3, 2}{547, 180, 37, 106, 3, 3}{549, 222, 34, 87, 3, 4}{646, 247, 29, 124, 3, 5}{699, 298, 41, 103, 3, 6}{898, 328, 45, 110, 3, 7}{1183, 372, 50, 76, 4, 8}
{483, 139, 28, 70, 3, 1}{526, 160, 29, 71, 3, 2}{546, 186, 28, 99, 3, 3}{545, 226, 35, 93, 3, 4}{633, 248, 32, 125, 3, 5}{692, 296, 41, 113, 3, 6}{895, 326, 42, 121, 3, 7}{1176, 371, 45, 99, 4, 8}
{483, 139, 28, 70, 3, 1}{526, 159, 32, 70, 3, 2}{546, 183, 36, 103, 3, 3}{539, 227, 32, 93, 3, 4}{650, 243, 42, 109, 3, 5}{688, 301, 35, 107, 3, 6}{876, 326, 42, 140, 3, 7}{1164, 370, 47, 106, 4, 8}
{485, 139, 28, 70, 3, 1}{523, 155, 33, 91, 3, 2}{555, 186, 33, 92, 3, 3}{535, 219, 41, 98, 3, 4}{661, 249, 34, 82, 3, 5}{676, 306, 33, 123, 3, 6}{884, 324, 54, 130, 3, 7}{1164, 379, 48, 106, 4, 8}
{480, 137, 32, 83, 3, 1}{525, 157, 34, 91, 3, 2}{558, 186, 34, 84, 3, 3}{536, 220, 40, 80, 3, 4}{659, 240, 38, 71, 3, 5}{675, 302, 42, 121, 3, 6}{863, 331, 48, 159, 3, 7}{1148, 372, 56, 124, 4, 8}
{480, 137, 32, 83, 3, 1}{524, 161, 33, 92, 3, 2}{558, 186, 34, 84, 3, 3}{536, 220, 40, 80, 3, 4}{662, 232, 54, 59, 3, 5}{668, 310, 36, 125, 3, 6}{882, 331, 43, 160, 3, 7}{1157, 381, 49, 113, 4, 8}
{484, 137, 32, 83, 3, 1}{531, 156, 35, 69, 3, 2}{561, 186, 34, 84, 3, 3}{540, 220, 40, 80, 3, 4}{654, 240, 42, 74, 3, 5}{675, 306, 40, 131, 3, 6}{869, 328, 54, 143, 3, 7}{1176, 372, 56, 100, 3, 8}
{488, 136, 32, 83, 3, 1}{539, 160, 29, 79, 3, 2}{566, 179, 38, 89, 3, 3}{525, 227, 38, 100, 3, 4}{645, 239, 48, 89, 3, 5}{689, 309, 44, 107, 3, 6}{862, 331, 44, 164, 3, 7}{1185, 370, 60, 95, 3, 8}
{513, 142, 27, 75, 3, 1}{530, 165, 22, 83, 3, 2}{566, 179, 38, 89, 3, 3}{525, 227, 38, 100, 3, 4}{638, 248, 33, 112, 3, 5}{658, 309, 40, 125, 3, 6}{851, 324, 60, 163, 3, 7}{1189, 370, 53, 89, 3, 8}
{513, 142, 27, 75, 3, 1}{542, 166, 24, 76, 3, 2}{565, 179, 38, 89, 3, 3}{527, 228, 38, 100, 3, 4}{637, 251, 42, 120, 3, 5}{679, 307, 38, 129, 3, 6}{867, 335, 55, 144, 3, 7}{1197, 368, 61, 83, 3, 8}
{496, 138, 36, 76, 3, 1}{535, 164, 29, 69, 3, 2}{543, 187, 35, 110, 3, 3}{524, 231, 36, 98, 3, 4}{654, 253, 29, 100, 3, 5}{683, 312, 39, 97, 3, 6}{879, 338, 48, 120, 3, 7}{1187, 368, 67, 93, 3, 8}
{496, 138, 36, 76, 3, 1}{532, 162, 34, 71, 3, 2}{543, 187, 35, 110, 3, 3}{524, 231, 36, 98, 3, 4}{642, 251, 33, 106, 3, 5}{676, 301, 54, 113, 3, 6}{881, 329, 47, 134, 3, 7}{1164, 378, 56, 112, 3, 8}
{497, 137, 36, 76, 3, 1}{533, 162, 26, 71, 3, 2}{527, 190, 34, 121, 3, 3}{524, 230, 36, 98, 3, 4}{635, 241, 49, 107, 3, 5}{665, 299, 47, 116, 3, 6}{882, 327, 49, 116, 3, 7}{1169, 379, 60, 109, 3, 8}
{492, 132, 36, 66, 3, 1}{526, 156, 31, 79, 3, 2}{527, 190, 34, 121, 3, 3}{519, 229, 37, 99, 3, 4}{628, 258, 40, 114, 3, 5}{670, 299, 48, 116, 3, 6}{879, 327, 49, 119, 3, 7}{1168, 386, 56, 109, 3, 8}
{492, 132, 36, 66, 3, 1}{532, 150, 44, 65, 3, 2}{528, 190, 34, 121, 3, 3}{519, 229, 37, 99, 3, 4}{629, 250, 45, 115, 3, 5}{670, 299, 48, 116, 3, 6}{867, 334, 45, 133, 3, 7}{1156, 393, 46, 124, 3, 8}
{494, 132, 36, 66, 3, 1}{528, 150, 41, 68, 3, 2}{529, 190, 34, 121, 3, 3}{519, 229, 37, 99, 3, 4}{628, 252, 44, 108, 3, 5}{654, 307, 47, 106, 3, 6}{852, 342, 40, 140, 3, 7}{1150, 389, 55, 130, 3, 8}
{485, 144, 26, 73, 3, 1}{528, 150, 41, 68, 3, 2}{526, 185, 36, 105, 3, 3}{524, 229, 38, 93, 3, 4}{630, 250, 37, 124, 3, 5}{654, 307, 47, 106, 3, 6}{835, 338, 52, 143, 3, 7}{1144, 398, 53, 136, 3, 8}
{485, 144, 26, 73, 3, 1}{513, 163, 33, 77, 3, 2}{526, 185, 36, 105, 3, 3}{513, 227, 40, 95, 3, 4}{624, 262, 32, 118, 3, 5}{654, 308, 47, 106, 3, 6}{828, 346, 47, 150, 3, 7}{1136, 400, 51, 136, 3, 8}
{492, 141, 31, 68, 3, 1}{513, 163, 33, 77, 3, 2}{529, 185, 36, 105, 3, 3}{513, 227, 40, 95, 3, 4}{621, 258, 34, 119, 3, 5}{646, 316, 43, 118, 3, 6}{843, 339, 54, 133, 3, 7}{1112, 398, 57, 167, 3, 8}
{492, 141, 31, 68, 3, 1}{516, 163, 33, 77, 3, 2}{535, 185, 36, 105, 3, 3}{514, 228, 40, 95, 3, 4}{627, 246, 47, 108, 3, 5}{646, 316, 43, 118, 3, 6}{830, 350, 47, 147, 3, 7}{1115, 398, 55, 161, 3, 8}
{496, 141, 31, 68, 3, 1}{506, 168, 31, 98, 3, 2}{551, 187, 40, 82, 3, 3}{503, 235, 36, 99, 3, 4}{637, 243, 49, 94, 3, 5}{649, 317, 43, 118, 3, 6}{834, 353, 46, 156, 3, 7}{1124, 402, 53, 143, 3, 8}
{483, 140, 34, 74, 3, 1}{506, 168, 31, 98, 3, 2}{551, 187, 40, 82, 3, 3}{503, 235, 36, 99, 3, 4}{637, 243, 49, 94, 3, 5}{621, 329, 34, 138, 3, 6}{826, 353, 48, 161, 3, 7}{1129, 400, 64, 133, 3, 8}
{483, 140, 34, 74, 3, 1}{510, 168, 31, 98, 3, 2}{554, 187, 40, 82, 3, 3}{501, 235, 36, 111, 3, 4}{637, 244, 49, 94, 3, 5}{621, 329, 34, 138, 3, 6}{821, 348, 58, 173, 3, 7}{1144, 404, 52, 120, 3, 8}
{489, 140, 34, 74, 3, 1}{508, 166, 35, 102, 3, 2}{559, 185, 40, 69, 3, 3}{501, 235, 36, 111, 3, 4}{610, 261, 36, 116, 3, 5}{622, 330, 34, 138, 3, 6}{817, 351, 53, 165, 3, 7}{1150, 400, 58, 122, 3, 8}
{495, 140, 34, 74, 3, 1}{508, 166, 35, 102, 3, 2}{559, 185, 40, 69, 3, 3}{503, 236, 36, 111, 3, 4}{610, 261, 36, 116, 3, 5}{621, 331, 34, 138, 3, 6}{809, 353, 56, 175, 3, 7}{1157, 401, 61, 110, 3, 8}
{490, 139, 36, 74, 3, 1}{512, 169, 34, 94, 3, 2}{543, 193, 33, 86, 3, 3}{496, 235, 45, 102, 3, 4}{615, 261, 36, 116, 3, 5}{620, 332, 34, 138, 3, 6}{823, 347, 78, 150, 3, 7}{1160, 405, 57, 106, 3, 8}
{490, 139, 36, 74, 3, 1}{512, 169, 34, 94, 3, 2}{543, 193, 33, 86, 3, 3}{496, 235, 45, 102, 3, 4}{595, 269, 30, 141, 3, 5}{620, 333, 34, 138, 3, 6}{827, 355, 58, 148, 3, 7}{1152, 412, 45, 116, 3, 8}
{494, 139, 36, 74, 3, 1}{515, 169, 34, 94, 3, 2}{548, 194, 33, 86, 3, 3}{499, 235, 45, 102, 3, 4}{595, 269, 30, 141, 3, 5}{629, 324, 49, 105, 3, 6}{836, 355, 53, 131, 3, 7}{1146, 417, 46, 102, 3, 8}
{492, 142, 38, 61, 3, 1}{517, 171, 30, 85, 3, 2}{548, 196, 30, 113, 3, 3}{499, 235, 45, 102, 3, 4}{584, 274, 26, 148, 3, 5}{629, 324, 49, 105, 3, 6}{833, 350, 58, 144, 3, 7}{0, 0, 0, 0, 3, 8}
{492, 142, 38, 61, 3, 1}{517, 171, 30, 85, 3, 2}{548, 196, 30, 113, 3, 3}{495, 243, 37, 109, 3, 4}{584, 274, 26, 148, 3, 5}{627, 324, 49, 105, 3, 6}{820, 355, 60, 143, 3, 7}{0, 0, 0, 0, 3, 8}
{493, 141, 38, 61, 3, 1}{519, 170, 30, 85, 3, 2}{548, 196, 30, 113, 3, 3}{495, 243, 37, 109, 3, 4}{584, 274, 26, 148, 3, 5}{627, 324, 49, 105, 3, 6}{794, 367, 47, 158, 3, 7}{0, 0, 0, 0, 3, 8}
{486, 140, 34, 66, 3, 1}{519, 170, 30, 85, 3, 2}{548, 195, 30, 113, 3, 3}{492, 230, 44, 105, 3, 4}{582, 274, 26, 148, 3, 5}{607, 328, 42, 124, 3, 6}{798, 355, 65, 139, 3, 7}{0, 0, 0, 0, 3, 8}
{486, 140, 34, 66, 3, 1}{501, 161, 43, 88, 3, 2}{535, 190, 42, 97, 3, 3}{492, 230, 44, 105, 3, 4}{584, 274, 26, 148, 3, 5}{607, 328, 42, 124, 3, 6}{786, 364, 64, 172, 3, 7}{0, 0, 0, 0, 3, 8}
{484, 148, 27, 105, 3, 1}{501, 161, 43, 88, 3, 2}{535, 190, 42, 97, 3, 3}{474, 238, 41, 97, 3, 4}{605, 262, 43, 98, 3, 5}{608, 328, 42, 124, 3, 6}{797, 362, 64, 165, 3, 7}{0, 0, 0, 0, 3, 8}
{484, 148, 27, 105, 3, 1}{503, 160, 43, 88, 3, 2}{536, 189, 42, 97, 3, 3}{474, 238, 41, 97, 3, 4}{605, 262, 43, 98, 3, 5}{608, 328, 42, 124, 3, 6}{781, 361, 59, 176, 3, 7}{0, 0, 0, 0, 3, 8}
{486, 147, 27, 105, 3, 1}{492, 165, 32, 98, 3, 2}{535, 187, 42, 97, 3, 3}{472, 237, 41, 97, 3, 4}{603, 249, 51, 79, 3, 5}{584, 335, 36, 123, 3, 6}{775, 368, 55, 167, 3, 7}{0, 0, 0, 0, 3, 8}
{492, 143, 27, 105, 3, 1}{492, 165, 32, 98, 3, 2}{526, 186, 42, 97, 3, 3}{470, 238, 38, 108, 3, 4}{603, 249, 51, 79, 3, 5}{584, 335, 36, 123, 3, 6}{766, 364, 53, 176, 3, 7}{0, 0, 0, 0, 3, 8}
{489, 134, 33, 87, 3, 1}{488, 158, 34, 102, 3, 2}{526, 184, 42, 97, 3, 3}{470, 238, 38, 108, 3, 4}{587, 250, 53, 96, 3, 5}{583, 335, 36, 123, 3, 6}{766, 364, 53, 176, 3, 7}{0, 0, 0, 0, 3, 8}
{489, 134, 33, 87, 3, 1}{488, 158, 34, 102, 3, 2}{542, 173, 50, 80, 3, 3}{472, 236, 38, 108, 3, 4}{587, 250, 53, 96, 3, 5}{583, 334, 36, 123, 3, 6}{764, 363, 53, 176, 3, 7}{1114, 420, 41, 47, 3, 8}
{491, 132, 33, 87, 3, 1}{490, 156, 34, 102, 3, 2}{542, 173, 50, 80, 3, 3}{470, 235, 38, 108, 3, 4}{591, 248, 53, 96, 3, 5}{580, 331, 36, 128, 3, 6}{764, 362, 53, 176, 3, 7}{1089, 414, 49, 73, 3, 8}
{494, 130, 33, 87, 3, 1}{505, 156, 34, 106, 3, 2}{525, 176, 48, 101, 3, 3}{451, 230, 38, 139, 3, 4}{569, 254, 41, 131, 3, 5}{580, 331, 36, 128, 3, 6}{758, 359, 53, 176, 3, 7}{1102, 419, 65, 64, 3, 8}
{478, 125, 39, 87, 3, 1}{505, 156, 34, 106, 3, 2}{525, 176, 48, 101, 3, 3}{451, 230, 38, 139, 3, 4}{569, 254, 41, 131, 3, 5}{579, 330, 36, 128, 3, 6}{778, 365, 53, 127, 3, 7}{1084, 427, 52, 78, 3, 8}
{478, 125, 39, 87, 3, 1}{505, 155, 34, 106, 3, 2}{529, 175, 48, 101, 3, 3}{452, 228, 38, 139, 3, 4}{569, 254, 41, 131, 3, 5}{577, 330, 36, 128, 3, 6}{786, 359, 54, 124, 3, 7}{1089, 432, 49, 61, 3, 8}
{480, 124, 39, 87, 3, 1}{487, 153, 37, 98, 3, 2}{523, 177, 36, 112, 3, 3}{459, 231, 33, 103, 3, 4}{543, 257, 40, 149, 3, 5}{554, 327, 45, 135, 3, 6}{778, 355, 55, 133, 3, 7}{0, 0, 0, 0, 3, 8}
{473, 128, 35, 98, 3, 1}{487, 153, 37, 98, 3, 2}{523, 177, 36, 112, 3, 3}{460, 224, 36, 113, 3, 4}{543, 257, 40, 149, 3, 5}{554, 327, 45, 135, 3, 6}{772, 356, 64, 142, 3, 7}{0, 0, 0, 0, 3, 8}
{473, 128, 35, 98, 3, 1}{489, 153, 37, 98, 3, 2}{519, 180, 33, 113, 3, 3}{460, 224, 36, 113, 3, 4}{546, 256, 40, 149, 3, 5}{560, 314, 52, 116, 3, 6}{739, 362, 51, 170, 3, 7}{0, 0, 0, 0, 3, 8}
{476, 126, 35, 98, 3, 1}{499, 143, 47, 89, 3, 2}{519, 180, 33, 113, 3, 3}{457, 224, 36, 113, 3, 4}{557, 248, 47, 134, 3, 5}{560, 314, 52, 116, 3, 6}{750, 367, 46, 149, 3, 7}{0, 0, 0, 0, 3, 8}
{483, 126, 35, 98, 3, 1}{499, 143, 47, 89, 3, 2}{521, 180, 33, 113, 3, 3}{461, 224, 36, 113, 3, 4}{557, 248, 47, 134, 3, 5}{557, 314, 52, 116, 3, 6}{745, 373, 56, 144, 3, 7}{0, 0, 0, 0, 3, 8}
{479, 125, 33, 99, 3, 1}{501, 143, 47, 89, 3, 2}{524, 180, 33, 113, 3, 3}{443, 224, 37, 122, 3, 4}{560, 247, 47, 134, 3, 5}{555, 314, 52, 116, 3, 6}{734, 374, 51, 162, 3, 7}{0, 0, 0, 0, 3, 8}
{479, 125, 33, 99, 3, 1}{491, 140, 41, 99, 3, 2}{527, 179, 35, 109, 3, 3}{443, 224, 37, 122, 3, 4}{566, 246, 47, 134, 3, 5}{528, 325, 46, 145, 3, 6}{721, 381, 44, 187, 3, 7}{0, 0, 0, 0, 3, 8}
{488, 121, 39, 88, 3, 1}{491, 140, 41, 99, 3, 2}{527, 179, 35, 109, 3, 3}{444, 224, 37, 122, 3, 4}{561, 237, 59, 119, 3, 5}{528, 325, 46, 145, 3, 6}{724, 378, 58, 181, 3, 7}{0, 0, 0, 0, 3, 8}
{488, 121, 39, 88, 3, 1}{495, 139, 41, 99, 3, 2}{530, 178, 35, 109, 3, 3}{449, 220, 44, 118, 3, 4}{561, 237, 59, 119, 3, 5}{531, 325, 46, 145, 3, 6}{729, 380, 55, 180, 3, 7}{0, 0, 0, 0, 3, 8}
{491, 116, 37, 91, 3, 1}{504, 144, 35, 95, 3, 2}{532, 177, 35, 109, 3, 3}{449, 220, 44, 118, 3, 4}{560, 236, 59, 119, 3, 5}{536, 325, 46, 145, 3, 6}{729, 380, 55, 180, 3, 7}{0, 0, 0, 0, 3, 8}
{491, 116, 37, 91, 3, 1}{504, 144, 35, 95, 3, 2}{538, 177, 35, 109, 3, 3}{446, 224, 37, 130, 3, 4}{565, 237, 59, 119, 3, 5}{539, 325, 46, 145, 3, 6}{729, 381, 55, 180, 3, 7}{0, 0, 0, 0, 3, 8}
{495, 116, 37, 91, 3, 1}{508, 144, 35, 95, 3, 2}{544, 168, 43, 100, 3, 3}{446, 224, 37, 130, 3, 4}{566, 238, 59, 119, 3, 5}{540, 325, 46, 145, 3, 6}{731, 380, 55, 180, 3, 7}{0, 0, 0, 0, 3, 8}
{503, 114, 45, 94, 3, 1}{505, 147, 27, 104, 3, 2}{544, 168, 43, 100, 3, 3}{449, 223, 37, 130, 3, 4}{569, 239, 59, 119, 3, 5}{549, 325, 46, 145, 3, 6}{733, 381, 55, 180, 3, 7}{0, 0, 0, 0, 3, 8}
{503, 114, 45, 94, 3, 1}{505, 147, 27, 104, 3, 2}{551, 168, 43, 100, 3, 3}{454, 223, 37, 130, 3, 4}{570, 238, 59, 119, 3, 5}{523, 328, 44, 162, 3, 6}{733, 380, 55, 180, 3, 7}{0, 0, 0, 0, 3, 8}
{510, 113, 45, 94, 3, 1}{516, 146, 33, 93, 3, 2}{532, 175, 38, 128, 3, 3}{463, 222, 40, 104, 3, 4}{559, 255, 41, 133, 3, 5}{523, 328, 44, 162, 3, 6}{709, 385, 55, 180, 3, 7}{0, 0, 0, 0, 3, 8}
{505, 114, 37, 102, 3, 1}{516, 146, 33, 93, 3, 2}{532, 175, 38, 128, 3, 3}{463, 222, 40, 104, 3, 4}{559, 255, 41, 133, 3, 5}{525, 328, 44, 162, 3, 6}{738, 366, 59, 146, 3, 7}{0, 0, 0, 0, 3, 8}
{505, 114, 37, 102, 3, 1}{522, 146, 33, 93, 3, 2}{539, 174, 38, 128, 3, 3}{453, 207, 53, 119, 3, 4}{558, 255, 41, 133, 3, 5}{525, 328, 44, 162, 3, 6}{738, 366, 59, 146, 3, 7}{0, 0, 0, 0, 3, 8}
{519, 115, 38, 84, 3, 1}{526, 147, 31, 95, 3, 2}{556, 167, 42, 110, 3, 3}{453, 207, 53, 119, 3, 4}{562, 262, 31, 134, 3, 5}{525, 328, 44, 162, 3, 6}{736, 365, 59, 146, 3, 7}{0, 0, 0, 0, 3, 8}
{519, 115, 38, 84, 3, 1}{526, 147, 31, 95, 3, 2}{556, 167, 42, 110, 3, 3}{457, 206, 53, 119, 3, 4}{562, 262, 31, 134, 3, 5}{529, 328, 44, 162, 3, 6}{732, 366, 59, 146, 3, 7}{0, 0, 0, 0, 3, 8}
{532, 112, 39, 85, 3, 1}{530, 147, 31, 95, 3, 2}{561, 167, 42, 110, 3, 3}{464, 216, 39, 121, 3, 4}{567, 262, 31, 134, 3, 5}{524, 317, 48, 149, 3, 6}{724, 367, 59, 146, 3, 7}{0, 0, 0, 0, 3, 8}
{532, 112, 39, 85, 3, 1}{535, 147, 31, 95, 3, 2}{560, 171, 36, 130, 3, 3}{464, 216, 39, 121, 3, 4}{574, 262, 31, 134, 3, 5}{524, 317, 48, 149, 3, 6}{720, 368, 59, 146, 3, 7}{0, 0, 0, 0, 3, 8}
{535, 111, 39, 85, 3, 1}{537, 147, 31, 95, 3, 2}{560, 171, 36, 130, 3, 3}{466, 216, 39, 121, 3, 4}{591, 247, 52, 136, 3, 5}{523, 317, 48, 149, 3, 6}{710, 386, 51, 165, 3, 7}{1039, 473, 63, 118, 3, 8}
{546, 116, 36, 83, 3, 1}{538, 132, 43, 83, 3, 2}{559, 169, 42, 130, 3, 3}{455, 218, 43, 130, 3, 4}{591, 247, 52, 136, 3, 5}{522, 315, 48, 149, 3, 6}{710, 386, 51, 165, 3, 7}{1023, 468, 77, 182, 3, 8}
{546, 116, 36, 83, 3, 1}{538, 132, 43, 83, 3, 2}{559, 169, 42, 130, 3, 3}{455, 218, 43, 130, 3, 4}{588, 239, 52, 110, 3, 5}{521, 315, 48, 149, 3, 6}{713, 387, 51, 165, 3, 7}{1022, 476, 69, 183, 3, 8}
{547, 116, 36, 83, 3, 1}{539, 132, 43, 83, 3, 2}{564, 168, 42, 130, 3, 3}{459, 218, 43, 130, 3, 4}{588, 239, 52, 110, 3, 5}{513, 325, 54, 166, 3, 6}{718, 386, 51, 165, 3, 7}{1028, 473, 67, 176, 3, 8}
{555, 110, 39, 75, 3, 1}{545, 144, 32, 106, 3, 2}{565, 169, 42, 130, 3, 3}{454, 215, 51, 132, 3, 4}{589, 240, 52, 110, 3, 5}{513, 325, 54, 166, 3, 6}{721, 387, 51, 165, 3, 7}{1022, 463, 78, 142, 3, 8}
{555, 110, 39, 75, 3, 1}{545, 144, 32, 106, 3, 2}{590, 163, 49, 91, 3, 3}{454, 215, 51, 132, 3, 4}{581, 249, 48, 117, 3, 5}{513, 327, 54, 166, 3, 6}{697, 390, 52, 192, 3, 7}{1010, 474, 69, 129, 3, 8}
{560, 110, 39, 75, 3, 1}{549, 144, 32, 106, 3, 2}{590, 163, 49, 91, 3, 3}{458, 214, 51, 132, 3, 4}{581, 249, 48, 117, 3, 5}{515, 327, 54, 166, 3, 6}{697, 390, 52, 192, 3, 7}{996, 481, 66, 158, 3, 8}
{563, 110, 39, 75, 3, 1}{549, 147, 33, 113, 3, 2}{591, 163, 49, 91, 3, 3}{458, 215, 51, 132, 3, 4}{588, 249, 48, 117, 3, 5}{509, 327, 54, 166, 3, 6}{699, 390, 52, 192, 3, 7}{992, 492, 52, 175, 3, 8}
{568, 120, 30, 87, 3, 1}{549, 147, 33, 113, 3, 2}{585, 170, 38, 116, 3, 3}{484, 218, 47, 110, 3, 4}{578, 253, 40, 147, 3, 5}{509, 327, 54, 166, 3, 6}{699, 390, 52, 192, 3, 7}{985, 497, 55, 179, 3, 8}
{568, 120, 30, 87, 3, 1}{562, 142, 39, 111, 3, 2}{585, 170, 38, 116, 3, 3}{484, 218, 47, 110, 3, 4}{578, 253, 40, 147, 3, 5}{515, 327, 54, 166, 3, 6}{701, 388, 52, 192, 3, 7}{969, 495, 54, 198, 3, 8}
{576, 119, 30, 87, 3, 1}{562, 142, 39, 111, 3, 2}{592, 169, 38, 116, 3, 3}{486, 217, 47, 110, 3, 4}{579, 253, 40, 147, 3, 5}{519, 327, 54, 166, 3, 6}{707, 388, 52, 192, 3, 7}{963, 504, 52, 225, 3, 8}
{573, 113, 34, 102, 3, 1}{570, 141, 39, 111, 3, 2}{603, 166, 46, 108, 3, 3}{490, 215, 47, 110, 3, 4}{581, 255, 40, 154, 3, 5}{523, 327, 54, 166, 3, 6}{710, 376, 62, 155, 3, 7}{951, 512, 43, 234, 3, 8}
{573, 113, 34, 102, 3, 1}{578, 144, 28, 109, 3, 2}{603, 166, 46, 108, 3, 3}{486, 215, 42, 106, 3, 4}{581, 255, 40, 154, 3, 5}{525, 327, 54, 166, 3, 6}{710, 376, 62, 155, 3, 7}{946, 507, 47, 243, 3, 8}
{582, 112, 34, 102, 3, 1}{578, 144, 28, 109, 3, 2}{600, 168, 39, 147, 3, 3}{486, 215, 42, 106, 3, 4}{583, 255, 40, 154, 3, 5}{527, 325, 54, 166, 3, 6}{709, 376, 62, 155, 3, 7}{940, 509, 49, 269, 3, 8}
{590, 110, 34, 102, 3, 1}{585, 142, 28, 109, 3, 2}{600, 168, 39, 147, 3, 3}{491, 214, 42, 106, 3, 4}{588, 252, 35, 152, 3, 5}{535, 323, 54, 166, 3, 6}{693, 400, 42, 148, 3, 7}{932, 500, 59, 285, 3, 8}
{605, 104, 37, 82, 3, 1}{595, 140, 28, 109, 3, 2}{607, 166, 39, 147, 3, 3}{476, 211, 42, 113, 3, 4}{588, 252, 35, 152, 3, 5}{541, 321, 54, 166, 3, 6}{693, 400, 42, 148, 3, 7}{953, 494, 80, 269, 3, 8}
{605, 104, 37, 82, 3, 1}{600, 121, 48, 99, 3, 2}{614, 163, 39, 149, 3, 3}{476, 211, 42, 113, 3, 4}{606, 246, 46, 127, 3, 5}{538, 307, 57, 145, 3, 6}{698, 401, 42, 148, 3, 7}{963, 504, 74, 256, 3, 8}
{598, 98, 40, 92, 3, 1}{600, 121, 48, 99, 3, 2}{614, 163, 39, 149, 3, 3}{480, 211, 40, 135, 3, 4}{612, 229, 56, 118, 3, 5}{538, 307, 57, 145, 3, 6}{676, 400, 44, 189, 3, 7}{982, 503, 69, 241, 3, 8}
{598, 98, 40, 92, 3, 1}{609, 119, 48, 99, 3, 2}{620, 160, 39, 149, 3, 3}{480, 211, 40, 135, 3, 4}{612, 229, 56, 118, 3, 5}{537, 304, 57, 145, 3, 6}{676, 400, 44, 189, 3, 7}{996, 490, 71, 207, 3, 8}
{604, 96, 40, 92, 3, 1}{606, 120, 42, 94, 3, 2}{624, 157, 39, 149, 3, 3}{486, 209, 40, 135, 3, 4}{612, 227, 56, 118, 3, 5}{540, 303, 57, 145, 3, 6}{677, 398, 44, 189, 3, 7}{989, 488, 69, 206, 3, 8}
{614, 96, 32, 91, 3, 1}{606, 120, 42, 94, 3, 2}{651, 152, 39, 131, 3, 3}{491, 206, 40, 135, 3, 4}{614, 223, 56, 118, 3, 5}{514, 313, 48, 161, 3, 6}{680, 396, 44, 189, 3, 7}{976, 490, 71, 206, 3, 8}
{614, 96, 32, 91, 3, 1}{597, 118, 39, 111, 3, 2}{651, 152, 39, 131, 3, 3}{504, 193, 42, 112, 3, 4}{614, 221, 56, 118, 3, 5}{514, 313, 48, 161, 3, 6}{679, 394, 44, 189, 3, 7}{949, 492, 81, 218, 3, 8}
{623, 93, 32, 91, 3, 1}{597, 118, 39, 111, 3, 2}{655, 150, 39, 131, 3, 3}{504, 193, 42, 112, 3, 4}{616, 239, 36, 117, 3, 5}{521, 311, 48, 161, 3, 6}{682, 392, 44, 189, 3, 7}{929, 505, 68, 224, 3, 8}
{631, 91, 32, 91, 3, 1}{606, 115, 39, 111, 3, 2}{653, 135, 49, 121, 3, 3}{520, 187, 42, 102, 3, 4}{616, 239, 36, 117, 3, 5}{526, 307, 48, 161, 3, 6}{683, 388, 44, 189, 3, 7}{923, 498, 76, 232, 3, 8}
{634, 84, 36, 97, 3, 1}{622, 111, 39, 100, 3, 2}{653, 135, 49, 121, 3, 3}{520, 187, 42, 102, 3, 4}{592, 225, 54, 154, 3, 5}{523, 305, 48, 161, 3, 6}{697, 371, 61, 151, 3, 7}{922, 508, 56, 230, 3, 8}
{634, 84, 36, 97, 3, 1}{622, 111, 39, 100, 3, 2}{654, 133, 49, 121, 3, 3}{515, 181, 44, 131, 3, 4}{592, 225, 54, 154, 3, 5}{528, 305, 48, 161, 3, 6}{697, 371, 61, 151, 3, 7}{913, 505, 58, 268, 3, 8}
{641, 82, 36, 97, 3, 1}{628, 109, 39, 100, 3, 2}{648, 137, 43, 120, 3, 3}{515, 181, 44, 131, 3, 4}{598, 223, 54, 154, 3, 5}{531, 303, 48, 161, 3, 6}{703, 359, 59, 139, 3, 7}{913, 505, 58, 268, 3, 8}
{659, 76, 37, 85, 3, 1}{630, 113, 30, 121, 3, 2}{648, 137, 43, 120, 3, 3}{519, 180, 44, 131, 3, 4}{602, 221, 54, 154, 3, 5}{528, 299, 48, 161, 3, 6}{703, 359, 59, 139, 3, 7}{921, 505, 58, 268, 3, 8}
{659, 76, 37, 85, 3, 1}{630, 113, 30, 121, 3, 2}{654, 135, 43, 120, 3, 3}{514, 176, 44, 130, 3, 4}{610, 221, 54, 154, 3, 5}{529, 299, 48, 161, 3, 6}{700, 358, 59, 139, 3, 7}{897, 496, 63, 286, 3, 8}
{666, 77, 37, 85, 3, 1}{645, 103, 37, 100, 3, 2}{656, 132, 43, 125, 3, 3}{514, 176, 44, 130, 3, 4}{608, 221, 54, 154, 3, 5}{528, 297, 48, 161, 3, 6}{699, 359, 59, 139, 3, 7}{897, 496, 63, 286, 3, 8}
{662, 74, 35, 85, 3, 1}{645, 103, 37, 100, 3, 2}{656, 132, 43, 125, 3, 3}{517, 176, 44, 130, 3, 4}{608, 221, 54, 154, 3, 5}{531, 299, 48, 161, 3, 6}{664, 363, 58, 157, 3, 7}{895, 497, 63, 286, 3, 8}
{662, 74, 35, 85, 3, 1}{647, 102, 37, 100, 3, 2}{661, 132, 43, 125, 3, 3}{517, 180, 41, 142, 3, 4}{612, 219, 54, 154, 3, 5}{537, 291, 51, 167, 3, 6}{664, 363, 58, 157, 3, 7}{891, 496, 63, 286, 3, 8}
{667, 74, 35, 85, 3, 1}{652, 102, 37, 100, 3, 2}{667, 132, 43, 125, 3, 3}{517, 180, 41, 142, 3, 4}{631, 204, 60, 133, 3, 5}{537, 291, 51, 167, 3, 6}{665, 365, 58, 157, 3, 7}{893, 497, 63, 286, 3, 8}
{671, 75, 35, 85, 3, 1}{660, 95, 45, 104, 3, 2}{677, 133, 44, 130, 3, 3}{524, 179, 41, 142, 3, 4}{631, 204, 60, 133, 3, 5}{551, 278, 56, 131, 3, 6}{684, 369, 58, 157, 3, 7}{899, 496, 63, 286, 3, 8}
{663, 81, 32, 92, 3, 1}{660, 95, 45, 104, 3, 2}{677, 133, 44, 130, 3, 3}{535, 180, 37, 123, 3, 4}{632, 204, 60, 133, 3, 5}{551, 278, 56, 131, 3, 6}{693, 371, 58, 157, 3, 7}{896, 482, 86, 247, 3, 8}
{663, 81, 32, 92, 3, 1}{668, 95, 45, 104, 3, 2}{678, 133, 44, 130, 3, 3}{535, 180, 37, 123, 3, 4}{633, 204, 60, 133, 3, 5}{550, 278, 56, 131, 3, 6}{644, 372, 53, 203, 3, 7}{896, 482, 86, 247, 3, 8}
{671, 81, 32, 92, 3, 1}{653, 102, 39, 110, 3, 2}{682, 132, 44, 130, 3, 3}{540, 180, 37, 123, 3, 4}{636, 204, 60, 133, 3, 5}{522, 288, 54, 166, 3, 6}{644, 372, 53, 203, 3, 7}{891, 482, 86, 247, 3, 8}
{690, 80, 34, 97, 3, 1}{653, 102, 39, 110, 3, 2}{700, 127, 53, 130, 3, 3}{551, 175, 44, 109, 3, 4}{639, 206, 60, 133, 3, 5}{522, 288, 54, 166, 3, 6}{647, 371, 53, 203, 3, 7}{888, 482, 86, 247, 3, 8}
{690, 80, 34, 97, 3, 1}{658, 102, 39, 110, 3, 2}{700, 127, 53, 130, 3, 3}{551, 175, 44, 109, 3, 4}{627, 219, 44, 136, 3, 5}{526, 288, 54, 166, 3, 6}{644, 370, 53, 203, 3, 7}{887, 484, 86, 247, 3, 8}
{700, 80, 34, 97, 3, 1}{661, 103, 35, 124, 3, 2}{704, 128, 53, 130, 3, 3}{555, 174, 44, 109, 3, 4}{627, 219, 44, 136, 3, 5}{530, 290, 54, 166, 3, 6}{647, 367, 53, 203, 3, 7}{888, 488, 86, 247, 3, 8}
{720, 79, 34, 82, 3, 1}{661, 103, 35, 124, 3, 2}{710, 127, 53, 130, 3, 3}{558, 174, 44, 109, 3, 4}{632, 220, 44, 136, 3, 5}{536, 288, 54, 166, 3, 6}{644, 366, 53, 203, 3, 7}{843, 495, 91, 302, 3, 8}
{720, 79, 34, 82, 3, 1}{664, 104, 37, 147, 3, 2}{710, 126, 53, 130, 3, 3}{545, 174, 41, 105, 3, 4}{618, 218, 42, 177, 3, 5}{538, 288, 54, 166, 3, 6}{647, 361, 53, 203, 3, 7}{843, 495, 91, 302, 3, 8}
{726, 80, 34, 82, 3, 1}{664, 104, 37, 147, 3, 2}{698, 130, 47, 148, 3, 3}{545, 174, 41, 105, 3, 4}{618, 218, 42, 177, 3, 5}{538, 288, 54, 166, 3, 6}{664, 353, 68, 153, 3, 7}{843, 496, 91, 302, 3, 8}
{715, 75, 38, 95, 3, 1}{669, 104, 37, 147, 3, 2}{698, 130, 47, 148, 3, 3}{551, 174, 41, 105, 3, 4}{623, 218, 42, 177, 3, 5}{538, 288, 54, 166, 3, 6}{664, 353, 68, 153, 3, 7}{841, 497, 91, 302, 3, 8}
{715, 75, 38, 95, 3, 1}{676, 105, 37, 147, 3, 2}{706, 131, 47, 148, 3, 3}{549, 174, 44, 110, 3, 4}{632, 220, 42, 177, 3, 5}{536, 288, 54, 166, 3, 6}{663, 353, 68, 153, 3, 7}{839, 498, 91, 302, 3, 8}
{722, 75, 38, 95, 3, 1}{686, 107, 34, 131, 3, 2}{706, 130, 47, 148, 3, 3}{549, 174, 44, 110, 3, 4}{633, 218, 42, 177, 3, 5}{540, 288, 54, 166, 3, 6}{660, 353, 68, 153, 3, 7}{837, 497, 91, 302, 3, 8}
{726, 79, 36, 97, 3, 1}{686, 107, 34, 131, 3, 2}{708, 131, 47, 148, 3, 3}{554, 175, 44, 110, 3, 4}{640, 220, 42, 177, 3, 5}{542, 288, 54, 166, 3, 6}{640, 370, 49, 161, 3, 7}{829, 498, 91, 302, 3, 8}
{726, 79, 36, 97, 3, 1}{692, 107, 34, 131, 3, 2}{723, 138, 42, 119, 3, 3}{556, 168, 49, 109, 3, 4}{650, 209, 53, 122, 3, 5}{542, 288, 54, 166, 3, 6}{640, 370, 49, 161, 3, 7}{825, 499, 91, 302, 3, 8}
{731, 79, 36, 97, 3, 1}{699, 107, 34, 131, 3, 2}{723, 138, 42, 119, 3, 3}{556, 168, 49, 109, 3, 4}{650, 209, 53, 122, 3, 5}{544, 288, 54, 166, 3, 6}{643, 371, 49, 161, 3, 7}{823, 498, 91, 302, 3, 8}
{725, 81, 35, 110, 3, 1}{717, 93, 47, 84, 3, 2}{754, 140, 41, 122, 3, 3}{564, 168, 49, 109, 3, 4}{644, 202, 55, 126, 3, 5}{545, 272, 59, 131, 3, 6}{650, 372, 49, 161, 3, 7}{817, 499, 91, 302, 3, 8}
{725, 81, 35, 110, 3, 1}{717, 93, 47, 84, 3, 2}{754, 140, 41, 122, 3, 3}{559, 176, 40, 111, 3, 4}{644, 202, 55, 126, 3, 5}{545, 272, 59, 131, 3, 6}{655, 373, 49, 161, 3, 7}{809, 498, 91, 302, 3, 8}
{734, 82, 35, 110, 3, 1}{722, 94, 47, 84, 3, 2}{758, 140, 41, 122, 3, 3}{559, 176, 40, 111, 3, 4}{643, 217, 49, 139, 3, 5}{548, 271, 59, 131, 3, 6}{662, 376, 49, 161, 3, 7}{797, 497, 91, 302, 3, 8}
{755, 83, 36, 102, 3, 1}{722, 104, 37, 101, 3, 2}{760, 139, 41, 122, 3, 3}{562, 174, 40, 111, 3, 4}{643, 217, 49, 139, 3, 5}{545, 270, 59, 131, 3, 6}{637, 370, 48, 189, 3, 7}{789, 494, 91, 302, 3, 8}
{755, 83, 36, 102, 3, 1}{722, 104, 37, 101, 3, 2}{762, 132, 50, 111, 3, 3}{565, 167, 50, 94, 3, 4}{646, 218, 49, 139, 3, 5}{506, 273, 59, 156, 3, 6}{637, 370, 48, 189, 3, 7}{779, 493, 91, 302, 3, 8}
{761, 84, 36, 102, 3, 1}{727, 104, 37, 101, 3, 2}{762, 132, 50, 111, 3, 3}{565, 167, 50, 94, 3, 4}{625, 219, 51, 155, 3, 5}{506, 273, 59, 156, 3, 6}{640, 370, 48, 189, 3, 7}{773, 494, 91, 302, 3, 8}
{767, 82, 33, 75, 3, 1}{728, 110, 32, 99, 3, 2}{764, 133, 50, 111, 3, 3}{566, 167, 50, 94, 3, 4}{625, 219, 51, 155, 3, 5}{510, 276, 59, 156, 3, 6}{639, 370, 48, 189, 3, 7}{767, 497, 91, 302, 3, 8}
{767, 82, 33, 75, 3, 1}{728, 110, 32, 99, 3, 2}{744, 134, 51, 123, 3, 3}{565, 171, 44, 96, 3, 4}{626, 218, 51, 155, 3, 5}{514, 277, 59, 156, 3, 6}{634, 368, 48, 189, 3, 7}{738, 495, 110, 324, 3, 8}
{772, 78, 40, 76, 3, 1}{728, 110, 32, 99, 3, 2}{744, 134, 51, 123, 3, 3}{565, 171, 44, 96, 3, 4}{627, 221, 51, 155, 3, 5}{514, 276, 59, 156, 3, 6}{631, 364, 48, 189, 3, 7}{738, 495, 110, 324, 3, 8}
{772, 78, 40, 76, 3, 1}{736, 108, 33, 95, 3, 2}{745, 135, 51, 123, 3, 3}{564, 172, 44, 96, 3, 4}{614, 219, 42, 163, 3, 5}{508, 277, 59, 156, 3, 6}{643, 349, 71, 105, 3, 7}{732, 493, 110, 324, 3, 8}
{776, 79, 40, 76, 3, 1}{736, 108, 33, 95, 3, 2}{743, 136, 47, 136, 3, 3}{550, 173, 44, 120, 3, 4}{614, 219, 42, 163, 3, 5}{508, 276, 59, 156, 3, 6}{643, 349, 71, 105, 3, 7}{722, 493, 110, 324, 3, 8}
{764, 87, 31, 91, 3, 1}{737, 110, 33, 95, 3, 2}{743, 136, 47, 136, 3, 3}{550, 173, 44, 120, 3, 4}{615, 219, 42, 163, 3, 5}{504, 277, 59, 156, 3, 6}{610, 357, 60, 132, 3, 7}{710, 491, 110, 324, 3, 8}
{764, 87, 31, 91, 3, 1}{708, 108, 39, 127, 3, 2}{749, 137, 47, 136, 3, 3}{562, 172, 47, 99, 3, 4}{612, 219, 42, 163, 3, 5}{500, 278, 59, 156, 3, 6}{610, 357, 60, 132, 3, 7}{698, 493, 110, 324, 3, 8}
{769, 88, 31, 91, 3, 1}{708, 108, 39, 127, 3, 2}{753, 138, 47, 136, 3, 3}{562, 172, 47, 99, 3, 4}{617, 221, 42, 163, 3, 5}{500, 279, 59, 156, 3, 6}{574, 364, 60, 157, 3, 7}{684, 495, 110, 324, 3, 8}
{775, 90, 31, 91, 3, 1}{712, 109, 39, 127, 3, 2}{755, 140, 47, 136, 3, 3}{566, 173, 47, 99, 3, 4}{637, 204, 63, 102, 3, 5}{500, 278, 59, 156, 3, 6}{574, 364, 60, 157, 3, 7}{672, 493, 110, 324, 3, 8}
{762, 93, 31, 92, 3, 1}{728, 107, 44, 103, 3, 2}{748, 143, 46, 140, 3, 3}{564, 172, 47, 99, 3, 4}{637, 204, 63, 102, 3, 5}{502, 279, 59, 156, 3, 6}{575, 366, 60, 157, 3, 7}{658, 493, 110, 324, 3, 8}
{762, 93, 31, 92, 3, 1}{728, 107, 44, 103, 3, 2}{748, 143, 46, 140, 3, 3}{547, 171, 49, 109, 3, 4}{635, 205, 63, 102, 3, 5}{500, 278, 59, 156, 3, 6}{568, 364, 60, 157, 3, 7}{658, 493, 110, 324, 3, 8}
{768, 94, 31, 92, 3, 1}{729, 108, 44, 103, 3, 2}{750, 145, 46, 140, 3, 3}{553, 171, 53, 92, 3, 4}{631, 204, 63, 102, 3, 5}{498, 279, 59, 156, 3, 6}{561, 364, 60, 157, 3, 7}{648, 491, 110, 324, 3, 8}
{770, 86, 37, 81, 3, 1}{730, 109, 44, 103, 3, 2}{746, 143, 46, 140, 3, 3}{553, 171, 53, 92, 3, 4}{633, 205, 63, 102, 3, 5}{494, 278, 59, 156, 3, 6}{562, 366, 60, 157, 3, 7}{640, 489, 110, 324, 3, 8}
{770, 86, 37, 81, 3, 1}{717, 109, 44, 97, 3, 2}{746, 143, 46, 140, 3, 3}{555, 171, 53, 92, 3, 4}{620, 221, 55, 118, 3, 5}{488, 277, 59, 156, 3, 6}{559, 366, 60, 157, 3, 7}{630, 489, 110, 324, 3, 8}
{768, 87, 37, 81, 3, 1}{717, 109, 44, 97, 3, 2}{748, 143, 46, 140, 3, 3}{539, 173, 49, 101, 3, 4}{620, 221, 55, 118, 3, 5}{475, 280, 56, 138, 3, 6}{558, 364, 60, 157, 3, 7}{618, 487, 110, 324, 3, 8}
{776, 83, 46, 74, 3, 1}{717, 110, 44, 97, 3, 2}{746, 145, 46, 140, 3, 3}{539, 173, 49, 101, 3, 4}{618, 222, 55, 118, 3, 5}{475, 280, 56, 138, 3, 6}{555, 364, 60, 157, 3, 7}{604, 489, 110, 324, 3, 8}
{776, 83, 46, 74, 3, 1}{725, 118, 34, 110, 3, 2}{750, 147, 46, 140, 3, 3}{542, 175, 49, 101, 3, 4}{620, 225, 55, 118, 3, 5}{475, 280, 56, 138, 3, 6}{552, 364, 60, 157, 3, 7}{592, 489, 110, 324, 3, 8}
{784, 84, 46, 74, 3, 1}{725, 118, 34, 110, 3, 2}{752, 149, 46, 140, 3, 3}{548, 179, 43, 89, 3, 4}{626, 226, 55, 118, 3, 5}{475, 282, 56, 138, 3, 6}{553, 362, 60, 157, 3, 7}{580, 489, 110, 324, 3, 8}
{794, 86, 46, 74, 3, 1}{730, 124, 34, 119, 3, 2}{747, 149, 48, 118, 3, 3}{548, 179, 43, 89, 3, 4}{605, 222, 59, 130, 3, 5}{479, 284, 56, 138, 3, 6}{554, 362, 60, 157, 3, 7}{566, 487, 110, 324, 3, 8}
{802, 88, 46, 74, 3, 1}{730, 124, 34, 119, 3, 2}{747, 149, 48, 118, 3, 3}{551, 181, 43, 89, 3, 4}{605, 222, 59, 130, 3, 5}{479, 284, 56, 138, 3, 6}{551, 362, 60, 157, 3, 7}{556, 487, 110, 324, 3, 8}
{810, 89, 46, 74, 3, 1}{736, 126, 34, 119, 3, 2}{749, 151, 48, 118, 3, 3}{553, 184, 42, 101, 3, 4}{607, 223, 59, 130, 3, 5}{481, 284, 56, 138, 3, 6}{548, 362, 60, 157, 3, 7}{546, 485, 110, 324, 3, 8}
{794, 95, 44, 87, 3, 1}{741, 127, 35, 103, 3, 2}{742, 151, 49, 130, 3, 3}{553, 184, 42, 101, 3, 4}{611, 224, 59, 130, 3, 5}{481, 286, 56, 138, 3, 6}{544, 365, 56, 137, 3, 7}{540, 483, 110, 324, 3, 8}
{794, 95, 44, 87, 3, 1}{741, 127, 35, 103, 3, 2}{742, 151, 49, 130, 3, 3}{546, 186, 44, 109, 3, 4}{613, 225, 59, 130, 3, 5}{481, 286, 56, 138, 3, 6}{544, 365, 56, 137, 3, 7}{538, 483, 110, 324, 3, 8}
{798, 97, 44, 87, 3, 1}{741, 127, 34, 111, 3, 2}{746, 153, 49, 130, 3, 3}{546, 186, 44, 109, 3, 4}{625, 220, 58, 92, 3, 5}{481, 288, 56, 138, 3, 6}{547, 367, 56, 137, 3, 7}{548, 485, 110, 324, 3, 8}
{800, 98, 44, 87, 3, 1}{741, 127, 34, 111, 3, 2}{759, 157, 50, 148, 3, 3}{548, 187, 44, 109, 3, 4}{625, 220, 58, 92, 3, 5}{456, 286, 52, 150, 3, 6}{550, 367, 56, 137, 3, 7}{550, 489, 110, 324, 3, 8}
{790, 106, 39, 87, 3, 1}{747, 129, 34, 111, 3, 2}{759, 157, 50, 148, 3, 3}{545, 187, 44, 109, 3, 4}{623, 221, 58, 92, 3, 5}{456, 286, 52, 150, 3, 6}{539, 369, 56, 137, 3, 7}{570, 471, 106, 247, 3, 8}
{790, 106, 39, 87, 3, 1}{747, 120, 51, 94, 3, 2}{759, 159, 50, 148, 3, 3}{553, 188, 47, 94, 3, 4}{606, 224, 57, 114, 3, 5}{456, 288, 52, 150, 3, 6}{508, 371, 58, 193, 3, 7}{570, 471, 106, 247, 3, 8}
{796, 109, 39, 87, 3, 1}{747, 120, 51, 94, 3, 2}{763, 161, 50, 148, 3, 3}{553, 188, 47, 94, 3, 4}{606, 224, 57, 114, 3, 5}{456, 288, 52, 150, 3, 6}{508, 371, 58, 193, 3, 7}{563, 471, 106, 247, 3, 8}
{797, 110, 39, 87, 3, 1}{748, 122, 51, 94, 3, 2}{761, 163, 50, 148, 3, 3}{555, 190, 47, 94, 3, 4}{612, 225, 57, 114, 3, 5}{465, 282, 58, 123, 3, 6}{511, 373, 58, 193, 3, 7}{554, 471, 106, 247, 3, 8}
{800, 110, 46, 75, 3, 1}{742, 130, 45, 90, 3, 2}{763, 165, 50, 148, 3, 3}{551, 189, 52, 96, 3, 4}{614, 228, 57, 114, 3, 5}{465, 282, 58, 123, 3, 6}{510, 373, 58, 193, 3, 7}{543, 471, 106, 247, 3, 8}
{800, 110, 46, 75, 3, 1}{742, 130, 45, 90, 3, 2}{761, 165, 50, 148, 3, 3}{551, 189, 52, 96, 3, 4}{597, 236, 54, 122, 3, 5}{466, 282, 58, 123, 3, 6}{509, 371, 58, 193, 3, 7}{528, 469, 106, 247, 3, 8}
{806, 112, 46, 75, 3, 1}{747, 132, 45, 90, 3, 2}{763, 167, 50, 148, 3, 3}{556, 190, 52, 96, 3, 4}{597, 236, 54, 122, 3, 5}{475, 284, 58, 123, 3, 6}{508, 369, 58, 193, 3, 7}{519, 469, 106, 247, 3, 8}
{804, 117, 44, 72, 3, 1}{754, 139, 40, 80, 3, 2}{765, 169, 50, 148, 3, 3}{554, 196, 42, 98, 3, 4}{601, 238, 54, 122, 3, 5}{456, 289, 59, 129, 3, 6}{509, 367, 58, 193, 3, 7}{508, 469, 106, 247, 3, 8}
{804, 117, 44, 72, 3, 1}{754, 139, 40, 80, 3, 2}{769, 171, 50, 148, 3, 3}{554, 196, 42, 98, 3, 4}{603, 236, 54, 122, 3, 5}{456, 289, 59, 129, 3, 6}{536, 361, 71, 113, 3, 7}{530, 498, 81, 199, 3, 8}
{808, 118, 44, 72, 3, 1}{768, 143, 42, 108, 3, 2}{771, 171, 50, 148, 3, 3}{554, 197, 45, 108, 3, 4}{609, 238, 54, 122, 3, 5}{459, 290, 59, 129, 3, 6}{536, 361, 71, 113, 3, 7}{530, 498, 81, 199, 3, 8}
{818, 120, 41, 75, 3, 1}{768, 143, 42, 108, 3, 2}{770, 172, 47, 143, 3, 3}{554, 197, 45, 108, 3, 4}{613, 238, 54, 122, 3, 5}{466, 291, 59, 129, 3, 6}{535, 360, 71, 113, 3, 7}{525, 497, 81, 199, 3, 8}
{818, 120, 41, 75, 3, 1}{775, 144, 42, 108, 3, 2}{770, 172, 47, 143, 3, 3}{558, 197, 45, 108, 3, 4}{619, 240, 54, 122, 3, 5}{473, 292, 59, 129, 3, 6}{538, 361, 71, 113, 3, 7}{518, 496, 81, 199, 3, 8}
{828, 121, 41, 75, 3, 1}{776, 150, 33, 101, 3, 2}{775, 173, 47, 143, 3, 3}{561, 198, 45, 108, 3, 4}{632, 235, 62, 112, 3, 5}{482, 293, 59, 129, 3, 6}{533, 360, 71, 113, 3, 7}{511, 495, 81, 199, 3, 8}
{833, 133, 31, 85, 3, 1}{776, 150, 33, 101, 3, 2}{782, 174, 47, 143, 3, 3}{577, 203, 43, 91, 3, 4}{632, 235, 62, 112, 3, 5}{477, 292, 59, 129, 3, 6}{528, 361, 71, 113, 3, 7}{502, 492, 81, 199, 3, 8}
{833, 133, 31, 85, 3, 1}{783, 152, 33, 101, 3, 2}{789, 177, 47, 143, 3, 3}{577, 203, 43, 91, 3, 4}{632, 230, 62, 99, 3, 5}{478, 291, 59, 129, 3, 6}{529, 362, 71, 113, 3, 7}{542, 491, 96, 243, 3, 8}
{840, 135, 31, 85, 3, 1}{789, 154, 33, 101, 3, 2}{792, 178, 47, 143, 3, 3}{579, 202, 43, 91, 3, 4}{632, 230, 62, 99, 3, 5}{477, 290, 59, 129, 3, 6}{524, 378, 51, 144, 3, 7}{542, 491, 96, 243, 3, 8}
{844, 137, 31, 85, 3, 1}{788, 151, 41, 89, 3, 2}{799, 177, 47, 143, 3, 3}{592, 198, 44, 82, 3, 4}{634, 232, 62, 99, 3, 5}{482, 291, 59, 129, 3, 6}{524, 378, 51, 144, 3, 7}{535, 491, 96, 243, 3, 8}
{847, 126, 42, 82, 3, 1}{788, 151, 41, 89, 3, 2}{802, 178, 47, 143, 3, 3}{592, 198, 44, 82, 3, 4}{642, 242, 54, 98, 3, 5}{487, 292, 59, 129, 3, 6}{524, 379, 51, 144, 3, 7}{526, 489, 96, 243, 3, 8}
{847, 126, 42, 82, 3, 1}{794, 153, 41, 89, 3, 2}{821, 185, 45, 110, 3, 3}{598, 200, 44, 82, 3, 4}{642, 242, 54, 98, 3, 5}{484, 282, 60, 116, 3, 6}{524, 378, 51, 144, 3, 7}{517, 487, 96, 243, 3, 8}
{856, 127, 42, 82, 3, 1}{797, 143, 47, 93, 3, 2}{821, 185, 45, 110, 3, 3}{598, 204, 39, 82, 3, 4}{646, 243, 54, 98, 3, 5}{484, 282, 60, 116, 3, 6}{528, 379, 51, 144, 3, 7}{508, 485, 96, 243, 3, 8}
{864, 139, 33, 80, 3, 1}{797, 143, 47, 93, 3, 2}{823, 185, 45, 110, 3, 3}{598, 204, 39, 82, 3, 4}{633, 244, 54, 128, 3, 5}{484, 280, 60, 116, 3, 6}{534, 378, 51, 144, 3, 7}{501, 483, 96, 243, 3, 8}
{864, 139, 33, 80, 3, 1}{807, 152, 44, 102, 3, 2}{826, 184, 50, 114, 3, 3}{601, 204, 47, 89, 3, 4}{633, 244, 54, 128, 3, 5}{482, 280, 60, 116, 3, 6}{524, 371, 53, 123, 3, 7}{494, 481, 96, 243, 3, 8}
{872, 141, 33, 80, 3, 1}{807, 152, 44, 102, 3, 2}{826, 184, 50, 114, 3, 3}{601, 204, 47, 89, 3, 4}{639, 246, 54, 128, 3, 5}{484, 282, 60, 116, 3, 6}{524, 371, 53, 123, 3, 7}{487, 481, 96, 243, 3, 8}
{881, 143, 33, 80, 3, 1}{814, 154, 44, 102, 3, 2}{829, 185, 50, 114, 3, 3}{612, 208, 45, 74, 3, 4}{643, 246, 54, 128, 3, 5}{480, 282, 60, 116, 3, 6}{529, 349, 66, 112, 3, 7}{480, 479, 96, 243, 3, 8}
{886, 141, 36, 72, 3, 1}{818, 161, 42, 85, 3, 2}{819, 191, 48, 116, 3, 3}{612, 208, 45, 74, 3, 4}{649, 248, 54, 128, 3, 5}{488, 294, 54, 114, 3, 6}{529, 349, 66, 112, 3, 7}{475, 475, 96, 243, 3, 8}
{886, 141, 36, 72, 3, 1}{818, 161, 42, 85, 3, 2}{819, 191, 48, 116, 3, 3}{618, 210, 45, 74, 3, 4}{651, 252, 54, 128, 3, 5}{488, 294, 54, 114, 3, 6}{527, 349, 66, 112, 3, 7}{466, 473, 96, 243, 3, 8}
{895, 143, 36, 72, 3, 1}{825, 164, 42, 85, 3, 2}{822, 193, 48, 116, 3, 3}{608, 212, 43, 87, 3, 4}{657, 254, 54, 128, 3, 5}{490, 295, 54, 114, 3, 6}{523, 349, 66, 112, 3, 7}{463, 473, 96, 243, 3, 8}
{888, 156, 29, 69, 3, 1}{834, 168, 39, 100, 3, 2}{830, 200, 40, 123, 3, 3}{608, 212, 43, 87, 3, 4}{663, 253, 53, 83, 3, 5}{493, 295, 54, 114, 3, 6}{523, 349, 66, 112, 3, 7}{456, 471, 96, 243, 3, 8}
{888, 156, 29, 69, 3, 1}{834, 168, 39, 100, 3, 2}{830, 200, 40, 123, 3, 3}{615, 213, 43, 87, 3, 4}{663, 253, 53, 83, 3, 5}{491, 296, 54, 114, 3, 6}{527, 349, 66, 112, 3, 7}{474, 469, 104, 239, 3, 8}
{895, 158, 29, 69, 3, 1}{840, 170, 39, 100, 3, 2}{845, 205, 46, 114, 3, 3}{622, 217, 41, 87, 3, 4}{668, 247, 57, 85, 3, 5}{496, 298, 54, 122, 3, 6}{526, 366, 74, 124, 3, 7}{474, 469, 104, 239, 3, 8}
{891, 148, 42, 82, 3, 1}{846, 174, 43, 73, 3, 2}{845, 205, 46, 114, 3, 3}{622, 217, 41, 87, 3, 4}{668, 247, 57, 85, 3, 5}{496, 298, 54, 122, 3, 6}{526, 366, 74, 124, 3, 7}{467, 469, 104, 239, 3, 8}
{891, 148, 42, 82, 3, 1}{846, 174, 43, 73, 3, 2}{850, 207, 46, 114, 3, 3}{625, 217, 41, 87, 3, 4}{663, 256, 55, 91, 3, 5}{498, 298, 54, 122, 3, 6}{528, 368, 74, 124, 3, 7}{504, 470, 97, 191, 3, 8}
{898, 151, 42, 82, 3, 1}{852, 177, 43, 73, 3, 2}{866, 215, 39, 93, 3, 3}{636, 216, 46, 69, 3, 4}{663, 256, 55, 91, 3, 5}{502, 300, 54, 122, 3, 6}{532, 368, 74, 124, 3, 7}{493, 481, 85, 201, 3, 8}
{903, 162, 33, 67, 3, 1}{846, 180, 39, 104, 3, 2}{866, 215, 39, 93, 3, 3}{636, 216, 46, 69, 3, 4}{668, 256, 55, 91, 3, 5}{504, 300, 54, 122, 3, 6}{538, 368, 74, 124, 3, 7}{496, 471, 88, 178, 3, 8}
{903, 162, 33, 67, 3, 1}{846, 180, 39, 104, 3, 2}{871, 215, 39, 93, 3, 3}{642, 216, 46, 69, 3, 4}{665, 262, 47, 106, 3, 5}{502, 298, 54, 122, 3, 6}{544, 366, 74, 124, 3, 7}{495, 466, 95, 170, 3, 8}
{915, 163, 33, 67, 3, 1}{858, 166, 53, 94, 3, 2}{883, 216, 39, 93, 3, 3}{644, 219, 39, 82, 3, 4}{665, 262, 47, 106, 3, 5}{512, 296, 54, 122, 3, 6}{552, 366, 74, 124, 3, 7}{492, 473, 81, 162, 3, 8}
{935, 164, 37, 68, 3, 1}{858, 166, 53, 94, 3, 2}{892, 216, 39, 93, 3, 3}{644, 219, 39, 82, 3, 4}{674, 262, 47, 106, 3, 5}{515, 280, 68, 113, 3, 6}{543, 360, 64, 102, 3, 7}{496, 471, 85, 155, 3, 8}
{935, 164, 37, 68, 3, 1}{881, 166, 52, 77, 3, 2}{898, 215, 39, 93, 3, 3}{647, 215, 45, 86, 3, 4}{680, 264, 44, 109, 3, 5}{515, 280, 68, 113, 3, 6}{543, 360, 64, 102, 3, 7}{493, 467, 86, 172, 3, 8}
{947, 165, 37, 68, 3, 1}{881, 166, 52, 77, 3, 2}{896, 198, 52, 99, 3, 3}{647, 215, 45, 86, 3, 4}{680, 264, 44, 109, 3, 5}{520, 278, 68, 113, 3, 6}{549, 358, 64, 102, 3, 7}{492, 466, 98, 212, 3, 8}
{950, 159, 39, 75, 3, 1}{889, 166, 52, 77, 3, 2}{896, 198, 52, 99, 3, 3}{658, 215, 45, 86, 3, 4}{691, 264, 44, 109, 3, 5}{525, 278, 68, 113, 3, 6}{569, 343, 64, 73, 3, 7}{507, 471, 91, 207, 3, 8}
{950, 159, 39, 75, 3, 1}{903, 170, 49, 88, 3, 2}{904, 208, 46, 102, 3, 3}{671, 214, 45, 86, 3, 4}{702, 264, 44, 109, 3, 5}{536, 278, 68, 113, 3, 6}{569, 343, 64, 73, 3, 7}{507, 471, 91, 207, 3, 8}
{964, 160, 39, 75, 3, 1}{903, 170, 49, 88, 3, 2}{904, 208, 46, 102, 3, 3}{681, 219, 44, 77, 3, 4}{715, 258, 47, 89, 3, 5}{531, 276, 68, 113, 3, 6}{574, 342, 64, 73, 3, 7}{510, 470, 91, 207, 3, 8}
{985, 161, 39, 70, 3, 1}{910, 170, 49, 88, 3, 2}{913, 209, 46, 102, 3, 3}{681, 219, 44, 77, 3, 4}{715, 258, 47, 89, 3, 5}{549, 285, 61, 112, 3, 6}{572, 346, 57, 81, 3, 7}{505, 467, 91, 207, 3, 8}
{985, 161, 39, 70, 3, 1}{915, 171, 49, 88, 3, 2}{920, 207, 47, 103, 3, 3}{688, 219, 44, 77, 3, 4}{733, 249, 50, 67, 3, 5}{549, 285, 61, 112, 3, 6}{572, 346, 57, 81, 3, 7}{498, 462, 91, 207, 3, 8}
{988, 161, 39, 70, 3, 1}{913, 172, 46, 94, 3, 2}{920, 207, 47, 103, 3, 3}{691, 218, 44, 77, 3, 4}{733, 249, 50, 67, 3, 5}{553, 284, 61, 112, 3, 6}{574, 346, 57, 81, 3, 7}{499, 461, 91, 207, 3, 8}
{993, 165, 33, 70, 3, 1}{913, 172, 46, 94, 3, 2}{925, 207, 47, 103, 3, 3}{697, 218, 40, 71, 3, 4}{732, 248, 50, 67, 3, 5}{557, 283, 61, 112, 3, 6}{582, 351, 55, 89, 3, 7}{498, 458, 91, 207, 3, 8}
{993, 165, 33, 70, 3, 1}{919, 173, 46, 94, 3, 2}{926, 209, 47, 100, 3, 3}{697, 218, 40, 71, 3, 4}{732, 252, 47, 72, 3, 5}{561, 284, 61, 112, 3, 6}{582, 351, 55, 89, 3, 7}{495, 455, 91, 207, 3, 8}
{1002, 166, 33, 70, 3, 1}{922, 175, 41, 83, 3, 2}{926, 209, 47, 100, 3, 3}{699, 208, 49, 68, 3, 4}{732, 252, 47, 72, 3, 5}{561, 283, 61, 112, 3, 6}{587, 352, 55, 89, 3, 7}{510, 428, 99, 177, 3, 8}
{1010, 167, 33, 70, 3, 1}{922, 175, 41, 83, 3, 2}{930, 210, 47, 100, 3, 3}{699, 208, 49, 68, 3, 4}{729, 255, 48, 83, 3, 5}{565, 284, 61, 112, 3, 6}{590, 353, 55, 89, 3, 7}{510, 428, 99, 177, 3, 8}
{1016, 170, 33, 70, 3, 1}{924, 177, 41, 83, 3, 2}{942, 213, 44, 98, 3, 3}{703, 209, 49, 68, 3, 4}{729, 255, 48, 83, 3, 5}{567, 285, 61, 112, 3, 6}{573, 350, 57, 106, 3, 7}{507, 427, 99, 177, 3, 8}
{1003, 173, 38, 88, 3, 1}{929, 179, 41, 83, 3, 2}{942, 213, 44, 98, 3, 3}{694, 216, 44, 82, 3, 4}{731, 257, 48, 83, 3, 5}{562, 283, 58, 112, 3, 6}{573, 350, 57, 106, 3, 7}{506, 426, 99, 177, 3, 8}
{1003, 173, 38, 88, 3, 1}{942, 183, 41, 71, 3, 2}{945, 215, 44, 98, 3, 3}{694, 216, 44, 82, 3, 4}{728, 261, 45, 79, 3, 5}{562, 283, 58, 112, 3, 6}{574, 351, 57, 106, 3, 7}{505, 431, 99, 177, 3, 8}
{1009, 176, 38, 88, 3, 1}{942, 183, 41, 71, 3, 2}{947, 215, 53, 87, 3, 3}{698, 218, 44, 82, 3, 4}{728, 261, 45, 79, 3, 5}{562, 283, 58, 112, 3, 6}{574, 353, 57, 106, 3, 7}{509, 441, 91, 140, 3, 8}
{1014, 178, 38, 88, 3, 1}{944, 185, 41, 71, 3, 2}{947, 215, 53, 87, 3, 3}{697, 227, 36, 80, 3, 4}{731, 263, 45, 79, 3, 5}{562, 283, 58, 112, 3, 6}{582, 342, 58, 74, 3, 7}{509, 441, 91, 140, 3, 8}
{1020, 181, 38, 88, 3, 1}{932, 177, 52, 71, 3, 2}{948, 217, 53, 87, 3, 3}{697, 227, 36, 80, 3, 4}{736, 266, 45, 79, 3, 5}{560, 283, 58, 112, 3, 6}{578, 340, 63, 86, 3, 7}{511, 444, 91, 140, 3, 8}
{1004, 179, 40, 73, 3, 1}{932, 177, 52, 71, 3, 2}{948, 219, 53, 87, 3, 3}{700, 229, 36, 80, 3, 4}{733, 269, 42, 77, 3, 5}{556, 285, 58, 112, 3, 6}{571, 335, 65, 80, 3, 7}{515, 447, 91, 140, 3, 8}
{1004, 179, 40, 73, 3, 1}{934, 179, 52, 71, 3, 2}{947, 221, 53, 87, 3, 3}{693, 229, 41, 76, 3, 4}{733, 269, 42, 77, 3, 5}{554, 287, 58, 112, 3, 6}{569, 343, 57, 88, 3, 7}{482, 430, 97, 168, 3, 8}
{1006, 180, 40, 73, 3, 1}{921, 190, 43, 92, 3, 2}{928, 221, 49, 92, 3, 3}{693, 229, 41, 76, 3, 4}{721, 265, 45, 77, 3, 5}{552, 287, 58, 112, 3, 6}{569, 343, 57, 88, 3, 7}{482, 430, 97, 168, 3, 8}
{1012, 182, 40, 73, 3, 1}{921, 190, 43, 92, 3, 2}{928, 221, 49, 92, 3, 3}{695, 230, 41, 76, 3, 4}{721, 265, 45, 77, 3, 5}{548, 289, 58, 112, 3, 6}{572, 345, 57, 88, 3, 7}{484, 431, 97, 168, 3, 8}
{999, 179, 44, 67, 3, 1}{924, 192, 43, 92, 3, 2}{931, 223, 49, 92, 3, 3}{697, 230, 41, 76, 3, 4}{718, 256, 57, 73, 3, 5}{546, 289, 58, 112, 3, 6}{564, 349, 68, 93, 3, 7}{488, 434, 97, 168, 3, 8}
{999, 179, 44, 67, 3, 1}{928, 194, 43, 92, 3, 2}{930, 226, 52, 102, 3, 3}{699, 229, 43, 63, 3, 4}{722, 257, 56, 74, 3, 5}{548, 291, 58, 112, 3, 6}{564, 349, 68, 93, 3, 7}{472, 429, 95, 145, 3, 8}
{1003, 181, 44, 67, 3, 1}{930, 208, 33, 87, 3, 2}{930, 226, 52, 102, 3, 3}{699, 229, 43, 63, 3, 4}{717, 264, 54, 71, 3, 5}{550, 291, 58, 112, 3, 6}{565, 350, 68, 93, 3, 7}{472, 429, 95, 145, 3, 8}
{1008, 183, 44, 67, 3, 1}{930, 208, 33, 87, 3, 2}{932, 228, 52, 102, 3, 3}{700, 230, 43, 63, 3, 4}{717, 264, 54, 71, 3, 5}{552, 293, 58, 112, 3, 6}{553, 356, 57, 107, 3, 7}{473, 430, 95, 145, 3, 8}
{1014, 184, 44, 67, 3, 1}{932, 209, 33, 87, 3, 2}{935, 229, 52, 102, 3, 3}{701, 228, 51, 67, 3, 4}{714, 270, 47, 75, 3, 5}{550, 294, 49, 97, 3, 6}{553, 356, 57, 107, 3, 7}{476, 433, 95, 145, 3, 8}
{1018, 185, 44, 67, 3, 1}{934, 211, 33, 87, 3, 2}{937, 229, 52, 102, 3, 3}{701, 228, 51, 67, 3, 4}{714, 270, 47, 75, 3, 5}{550, 294, 49, 97, 3, 6}{554, 356, 57, 107, 3, 7}{456, 401, 111, 144, 3, 8}
{1003, 190, 37, 75, 3, 1}{924, 202, 39, 84, 3, 2}{932, 232, 48, 88, 3, 3}{703, 228, 51, 67, 3, 4}{716, 270, 47, 75, 3, 5}{551, 294, 49, 97, 3, 6}{538, 351, 52, 102, 3, 7}{456, 401, 111, 144, 3, 8}
{1003, 190, 37, 75, 3, 1}{924, 202, 39, 84, 3, 2}{932, 232, 48, 88, 3, 3}{704, 233, 40, 71, 3, 4}{709, 276, 37, 73, 3, 5}{552, 293, 49, 97, 3, 6}{538, 351, 52, 102, 3, 7}{456, 402, 111, 144, 3, 8}
{1007, 190, 37, 75, 3, 1}{927, 203, 39, 84, 3, 2}{934, 232, 48, 88, 3, 3}{704, 233, 40, 71, 3, 4}{709, 276, 37, 73, 3, 5}{550, 293, 49, 97, 3, 6}{539, 351, 52, 102, 3, 7}{458, 424, 69, 99, 3, 8}
{1013, 191, 37, 75, 3, 1}{930, 202, 39, 84, 3, 2}{938, 233, 53, 81, 3, 3}{707, 234, 40, 71, 3, 4}{711, 276, 37, 73, 3, 5}{550, 290, 50, 89, 3, 6}{550, 341, 63, 86, 3, 7}{458, 424, 69, 99, 3, 8}
{1018, 193, 37, 75, 3, 1}{931, 195, 46, 78, 3, 2}{938, 233, 53, 81, 3, 3}{699, 229, 46, 64, 3, 4}{708, 276, 41, 71, 3, 5}{550, 290, 50, 89, 3, 6}{550, 341, 63, 86, 3, 7}{459, 425, 69, 99, 3, 8}
{1009, 191, 40, 74, 3, 1}{931, 195, 46, 78, 3, 2}{939, 233, 53, 81, 3, 3}{699, 229, 46, 64, 3, 4}{708, 276, 41, 71, 3, 5}{551, 289, 50, 89, 3, 6}{545, 331, 61, 67, 3, 7}{462, 428, 69, 99, 3, 8}
{1009, 191, 40, 74, 3, 1}{932, 195, 46, 78, 3, 2}{940, 233, 53, 81, 3, 3}{703, 229, 46, 64, 3, 4}{710, 275, 41, 71, 3, 5}{551, 289, 50, 89, 3, 6}{545, 331, 61, 67, 3, 7}{434, 417, 76, 129, 3, 8}
{1014, 192, 40, 74, 3, 1}{932, 196, 46, 78, 3, 2}{940, 234, 53, 81, 3, 3}{708, 230, 46, 64, 3, 4}{717, 264, 53, 67, 3, 5}{551, 284, 53, 84, 3, 6}{546, 331, 61, 67, 3, 7}{434, 417, 76, 129, 3, 8}
{992, 188, 41, 93, 3, 1}{935, 196, 46, 78, 3, 2}{920, 228, 49, 100, 3, 3}{697, 233, 39, 77, 3, 4}{717, 264, 53, 67, 3, 5}{551, 284, 53, 84, 3, 6}{543, 341, 57, 88, 3, 7}{435, 417, 76, 129, 3, 8}
{992, 188, 41, 93, 3, 1}{927, 200, 44, 88, 3, 2}{920, 228, 49, 100, 3, 3}{697, 233, 39, 77, 3, 4}{724, 258, 55, 61, 3, 5}{554, 284, 53, 84, 3, 6}{543, 341, 57, 88, 3, 7}{436, 415, 76, 129, 3, 8}
{997, 188, 41, 93, 3, 1}{927, 200, 44, 88, 3, 2}{925, 228, 49, 100, 3, 3}{700, 232, 39, 77, 3, 4}{724, 258, 55, 61, 3, 5}{550, 287, 53, 93, 3, 6}{548, 341, 57, 88, 3, 7}{433, 413, 76, 129, 3, 8}
{1004, 189, 41, 93, 3, 1}{932, 200, 44, 88, 3, 2}{924, 235, 43, 99, 3, 3}{701, 227, 44, 62, 3, 4}{722, 260, 54, 74, 3, 5}{550, 287, 53, 93, 3, 6}{552, 341, 57, 88, 3, 7}{428, 405, 76, 129, 3, 8}
{1010, 190, 41, 93, 3, 1}{936, 201, 44, 88, 3, 2}{924, 235, 43, 99, 3, 3}{701, 227, 44, 62, 3, 4}{722, 260, 54, 74, 3, 5}{555, 287, 53, 93, 3, 6}{533, 336, 50, 96, 3, 7}{425, 403, 76, 129, 3, 8}
{1017, 191, 41, 93, 3, 1}{938, 206, 41, 82, 3, 2}{927, 235, 43, 99, 3, 3}{702, 227, 44, 62, 3, 4}{725, 260, 54, 74, 3, 5}{558, 289, 46, 83, 3, 6}{533, 336, 50, 96, 3, 7}{424, 403, 76, 129, 3, 8}
{1005, 188, 39, 78, 3, 1}{938, 206, 41, 82, 3, 2}{926, 235, 43, 99, 3, 3}{705, 227, 44, 62, 3, 4}{713, 264, 49, 80, 3, 5}{558, 289, 46, 83, 3, 6}{536, 336, 50, 96, 3, 7}{423, 401, 76, 129, 3, 8}
{1005, 188, 39, 78, 3, 1}{943, 207, 41, 82, 3, 2}{943, 232, 46, 82, 3, 3}{713, 228, 41, 54, 3, 4}{713, 264, 49, 80, 3, 5}{560, 289, 46, 83, 3, 6}{539, 337, 50, 96, 3, 7}{422, 399, 76, 129, 3, 8}
{1010, 189, 39, 78, 3, 1}{939, 211, 37, 75, 3, 2}{943, 232, 46, 82, 3, 3}{713, 228, 41, 54, 3, 4}{716, 265, 49, 80, 3, 5}{558, 289, 46, 83, 3, 6}{534, 329, 62, 96, 3, 7}{419, 397, 76, 129, 3, 8}
{1014, 190, 39, 78, 3, 1}{939, 211, 37, 75, 3, 2}{944, 233, 46, 82, 3, 3}{715, 229, 41, 54, 3, 4}{708, 270, 45, 87, 3, 5}{562, 291, 51, 81, 3, 6}{534, 329, 62, 96, 3, 7}{420, 397, 76, 129, 3, 8}
{1018, 193, 39, 78, 3, 1}{941, 213, 37, 75, 3, 2}{946, 235, 46, 82, 3, 3}{701, 229, 41, 73, 3, 4}{708, 270, 45, 87, 3, 5}{562, 291, 51, 81, 3, 6}{533, 329, 62, 96, 3, 7}{419, 397, 76, 129, 3, 8}
{1022, 194, 39, 78, 3, 1}{942, 210, 38, 64, 3, 2}{937, 237, 47, 85, 3, 3}{701, 229, 41, 73, 3, 4}{709, 271, 45, 87, 3, 5}{563, 292, 51, 81, 3, 6}{538, 321, 64, 83, 3, 7}{420, 397, 76, 129, 3, 8}
{1009, 191, 46, 64, 3, 1}{942, 210, 38, 64, 3, 2}{937, 237, 47, 85, 3, 3}{704, 230, 41, 73, 3, 4}{710, 273, 45, 87, 3, 5}{563, 293, 51, 81, 3, 6}{538, 321, 64, 83, 3, 7}{417, 399, 76, 129, 3, 8}
{1009, 191, 46, 64, 3, 1}{942, 211, 38, 64, 3, 2}{937, 238, 47, 85, 3, 3}{706, 231, 41, 73, 3, 4}{702, 268, 49, 66, 3, 5}{562, 283, 55, 73, 3, 6}{536, 321, 64, 83, 3, 7}{418, 401, 76, 129, 3, 8}
{1012, 193, 46, 64, 3, 1}{942, 213, 38, 64, 3, 2}{935, 240, 47, 85, 3, 3}{702, 240, 39, 71, 3, 4}{702, 268, 49, 66, 3, 5}{562, 283, 55, 73, 3, 6}{535, 322, 64, 83, 3, 7}{419, 401, 76, 129, 3, 8}
{1016, 194, 46, 64, 3, 1}{941, 214, 38, 64, 3, 2}{935, 241, 47, 85, 3, 3}{702, 240, 39, 71, 3, 4}{704, 268, 49, 66, 3, 5}{561, 283, 55, 73, 3, 6}{533, 329, 57, 70, 3, 7}{422, 401, 76, 129, 3, 8}
{1021, 195, 46, 64, 3, 1}{930, 202, 46, 64, 3, 2}{934, 240, 45, 79, 3, 3}{703, 240, 39, 71, 3, 4}{713, 259, 51, 56, 3, 5}{554, 281, 52, 68, 3, 6}{533, 329, 57, 70, 3, 7}{421, 401, 76, 129, 3, 8}
{1026, 197, 46, 64, 3, 1}{930, 202, 46, 64, 3, 2}{934, 240, 45, 79, 3, 3}{700, 240, 39, 71, 3, 4}{713, 259, 51, 56, 3, 5}{554, 281, 52, 68, 3, 6}{535, 330, 57, 70, 3, 7}{422, 401, 76, 129, 3, 8}
{1005, 208, 31, 67, 3, 1}{932, 203, 46, 64, 3, 2}{937, 241, 45, 79, 3, 3}{704, 230, 45, 57, 3, 4}{701, 267, 43, 68, 3, 5}{556, 282, 52, 68, 3, 6}{536, 330, 57, 70, 3, 7}{419, 399, 76, 129, 3, 8}
{1005, 208, 31, 67, 3, 1}{925, 211, 40, 84, 3, 2}{912, 243, 45, 108, 3, 3}{704, 230, 45, 57, 3, 4}{701, 267, 43, 68, 3, 5}{560, 283, 63, 72, 3, 6}{522, 325, 54, 76, 3, 7}{416, 399, 76, 129, 3, 8}
{1008, 209, 31, 67, 3, 1}{925, 211, 40, 84, 3, 2}{912, 243, 45, 108, 3, 3}{707, 231, 45, 57, 3, 4}{705, 268, 43, 68, 3, 5}{560, 283, 63, 72, 3, 6}{522, 325, 54, 76, 3, 7}{411, 397, 76, 129, 3, 8}
{1012, 210, 31, 67, 3, 1}{928, 213, 40, 84, 3, 2}{913, 245, 45, 108, 3, 3}{708, 233, 45, 57, 3, 4}{693, 271, 47, 77, 3, 5}{561, 284, 63, 72, 3, 6}{523, 326, 54, 76, 3, 7}{410, 395, 76, 129, 3, 8}
{1016, 213, 31, 67, 3, 1}{935, 218, 40, 75, 3, 2}{913, 246, 45, 108, 3, 3}{690, 241, 39, 73, 3, 4}{693, 271, 47, 77, 3, 5}{564, 287, 63, 72, 3, 6}{525, 327, 54, 76, 3, 7}{409, 397, 76, 129, 3, 8}
{1020, 214, 31, 67, 3, 1}{935, 218, 40, 75, 3, 2}{927, 249, 40, 93, 3, 3}{690, 241, 39, 73, 3, 4}{695, 272, 47, 77, 3, 5}{554, 292, 56, 77, 3, 6}{521, 334, 52, 71, 3, 7}{419, 373, 93, 85, 3, 8}
{1024, 216, 31, 67, 3, 1}{938, 219, 40, 75, 3, 2}{927, 249, 40, 93, 3, 3}{693, 242, 39, 73, 3, 4}{697, 273, 47, 77, 3, 5}{554, 292, 56, 77, 3, 6}{521, 334, 52, 71, 3, 7}{419, 373, 93, 85, 3, 8}
{1028, 217, 31, 67, 3, 1}{944, 221, 40, 75, 3, 2}{927, 249, 40, 93, 3, 3}{694, 238, 45, 68, 3, 4}{687, 272, 44, 65, 3, 5}{556, 293, 56, 77, 3, 6}{528, 318, 57, 53, 3, 7}{422, 376, 93, 85, 3, 8}
{1032, 217, 31, 67, 3, 1}{948, 222, 40, 75, 3, 2}{931, 253, 41, 71, 3, 3}{694, 238, 45, 68, 3, 4}{687, 272, 44, 65, 3, 5}{541, 293, 43, 80, 3, 6}{528, 318, 57, 53, 3, 7}{425, 377, 93, 85, 3, 8}
{1008, 205, 45, 59, 3, 1}{927, 220, 37, 62, 3, 2}{931, 253, 41, 71, 3, 3}{697, 239, 45, 68, 3, 4}{689, 273, 44, 65, 3, 5}{541, 293, 43, 80, 3, 6}{527, 317, 57, 53, 3, 7}{430, 378, 93, 85, 3, 8}
{1008, 205, 45, 59, 3, 1}{927, 220, 37, 62, 3, 2}{930, 251, 41, 71, 3, 3}{687, 243, 38, 64, 3, 4}{693, 273, 44, 65, 3, 5}{540, 293, 43, 80, 3, 6}{525, 317, 57, 53, 3, 7}{439, 398, 56, 52, 3, 8}
{1010, 206, 45, 59, 3, 1}{927, 220, 37, 62, 3, 2}{929, 251, 41, 71, 3, 3}{687, 243, 38, 64, 3, 4}{691, 266, 52, 55, 3, 5}{542, 293, 43, 80, 3, 6}{517, 321, 55, 55, 3, 7}{439, 398, 56, 52, 3, 8}
{1014, 206, 45, 59, 3, 1}{926, 220, 37, 62, 3, 2}{922, 241, 58, 83, 3, 3}{688, 243, 38, 64, 3, 4}{691, 266, 52, 55, 3, 5}{548, 284, 49, 64, 3, 6}{517, 321, 55, 55, 3, 7}{441, 398, 56, 52, 3, 8}
{996, 212, 35, 63, 3, 1}{925, 218, 40, 68, 3, 2}{922, 241, 58, 83, 3, 3}{690, 248, 29, 64, 3, 4}{691, 266, 52, 55, 3, 5}{548, 284, 49, 64, 3, 6}{518, 321, 55, 55, 3, 7}{443, 398, 56, 52, 3, 8}
{996, 212, 35, 63, 3, 1}{925, 218, 40, 68, 3, 2}{924, 242, 58, 83, 3, 3}{690, 248, 29, 64, 3, 4}{686, 268, 49, 59, 3, 5}{547, 284, 49, 64, 3, 6}{519, 321, 55, 55, 3, 7}{383, 386, 66, 115, 3, 8}
{999, 213, 35, 63, 3, 1}{925, 218, 40, 68, 3, 2}{924, 242, 58, 83, 3, 3}{693, 242, 35, 55, 3, 4}{686, 268, 49, 59, 3, 5}{547, 281, 63, 66, 3, 6}{516, 326, 54, 62, 3, 7}{384, 383, 69, 121, 3, 8}
{1003, 213, 35, 63, 3, 1}{914, 217, 42, 74, 3, 2}{921, 250, 43, 67, 3, 3}{693, 242, 35, 55, 3, 4}{689, 268, 49, 59, 3, 5}{547, 281, 63, 66, 3, 6}{516, 326, 54, 62, 3, 7}{390, 390, 61, 104, 3, 8}
{1008, 214, 35, 63, 3, 1}{914, 217, 42, 74, 3, 2}{921, 250, 43, 67, 3, 3}{693, 239, 41, 55, 3, 4}{692, 269, 49, 59, 3, 5}{549, 281, 63, 66, 3, 6}{518, 326, 54, 62, 3, 7}{385, 385, 64, 106, 3, 8}