#Header, frames per second, video resolution(hight width), total number of frames in video.
FPS: 29.97
RES: 720 1280
TNF: 660
Skip: 3
#Data x, y, h, w, c, and l always in this order, for each lane. Sorted in order.
{0, 0, 0, 0, 3, 1}{0, 0, 0, 0, 2, 2}{0, 0, 0, 0, 3, 3}{464, 260, 30, 177, 3, 4}{457, 284, 40, 185, 3, 5}{354, 345, 46, 225, 3, 6}{299, 440, 45, 279, 3, 7}{229, 552, 72, 389, 3, 8}
{0, 0, 0, 0, 3, 1}{0, 0, 0, 0, 2, 2}{0, 0, 0, 0, 3, 3}{464, 258, 40, 153, 3, 4}{446, 292, 43, 186, 3, 5}{327, 339, 54, 211, 3, 6}{276, 440, 43, 265, 3, 7}{190, 554, 69, 388, 3, 8}
{0, 0, 0, 0, 3, 1}{0, 0, 0, 0, 2, 2}{0, 0, 0, 0, 3, 3}{472, 259, 38, 129, 3, 4}{447, 283, 52, 174, 3, 5}{321, 347, 52, 212, 3, 6}{253, 448, 38, 248, 3, 7}{153, 551, 74, 379, 3, 8}
{0, 0, 0, 0, 3, 1}{0, 0, 0, 0, 2, 2}{0, 0, 0, 0, 3, 3}{462, 258, 34, 145, 3, 4}{445, 290, 42, 172, 3, 5}{300, 335, 62, 199, 3, 6}{226, 440, 47, 245, 3, 7}{124, 539, 79, 332, 3, 8}
{502, 180, 23, 69, 3, 1}{536, 199, 22, 80, 3, 2}{581, 218, 29, 84, 3, 3}{667, 242, 32, 101, 3, 4}{755, 272, 33, 98, 3, 5}{847, 297, 44, 98, 3, 6}{979, 338, 46, 119, 3, 7}{1127, 357, 66, 141, 3, 8}
{492, 177, 27, 69, 3, 1}{541, 196, 28, 78, 3, 2}{579, 218, 32, 93, 3, 3}{656, 245, 33, 97, 3, 4}{760, 270, 37, 84, 3, 5}{835, 304, 40, 117, 3, 6}{979, 338, 46, 119, 3, 7}{1118, 355, 71, 147, 3, 8}
{481, 176, 28, 73, 3, 1}{545, 195, 27, 78, 3, 2}{586, 212, 34, 82, 3, 3}{656, 241, 36, 97, 3, 4}{748, 273, 32, 91, 3, 5}{835, 304, 40, 117, 3, 6}{963, 336, 54, 111, 3, 7}{1118, 355, 71, 147, 3, 8}
{490, 172, 28, 64, 3, 1}{535, 193, 25, 80, 3, 2}{581, 211, 30, 78, 3, 3}{644, 241, 33, 94, 3, 4}{746, 262, 43, 99, 3, 5}{825, 298, 41, 113, 3, 6}{963, 336, 54, 111, 3, 7}{1113, 354, 71, 147, 3, 8}
{473, 168, 30, 76, 3, 1}{526, 188, 24, 94, 3, 2}{576, 213, 28, 95, 3, 3}{635, 236, 33, 99, 3, 4}{740, 268, 36, 90, 3, 5}{809, 299, 42, 131, 3, 6}{941, 341, 47, 126, 3, 7}{1099, 362, 71, 127, 3, 8}
{471, 165, 31, 68, 3, 1}{519, 183, 31, 99, 3, 2}{557, 206, 29, 105, 3, 3}{634, 235, 35, 99, 3, 4}{731, 261, 43, 101, 3, 5}{809, 299, 42, 131, 3, 6}{941, 341, 47, 126, 3, 7}{1099, 362, 71, 127, 3, 8}
{455, 164, 27, 73, 3, 1}{509, 182, 30, 98, 3, 2}{558, 205, 34, 99, 3, 3}{616, 236, 29, 105, 3, 4}{723, 261, 40, 111, 3, 5}{792, 296, 35, 131, 3, 6}{924, 345, 41, 129, 3, 7}{1096, 361, 71, 127, 3, 8}
{450, 164, 23, 76, 3, 1}{499, 181, 26, 101, 3, 2}{554, 200, 26, 102, 3, 3}{609, 231, 30, 102, 3, 4}{712, 255, 42, 104, 3, 5}{792, 296, 35, 131, 3, 6}{924, 345, 41, 129, 3, 7}{1091, 360, 71, 127, 3, 8}
{442, 163, 20, 78, 3, 1}{492, 178, 29, 105, 3, 2}{547, 200, 31, 115, 3, 3}{602, 228, 29, 104, 3, 4}{693, 257, 38, 108, 3, 5}{771, 291, 41, 137, 3, 6}{910, 335, 43, 132, 3, 7}{1086, 359, 71, 127, 3, 8}
{444, 152, 25, 84, 3, 1}{489, 175, 27, 89, 3, 2}{548, 198, 30, 111, 3, 3}{605, 225, 31, 91, 3, 4}{688, 253, 38, 122, 3, 5}{771, 291, 41, 137, 3, 6}{910, 335, 43, 132, 3, 7}{1079, 358, 71, 127, 3, 8}
{440, 150, 26, 79, 3, 1}{486, 174, 27, 91, 3, 2}{557, 192, 26, 102, 3, 3}{598, 223, 29, 96, 3, 4}{681, 249, 33, 121, 3, 5}{768, 289, 41, 137, 3, 6}{887, 337, 39, 151, 3, 7}{1070, 357, 71, 127, 3, 8}
{443, 148, 29, 71, 3, 1}{486, 165, 37, 97, 3, 2}{537, 188, 31, 122, 3, 3}{598, 220, 27, 100, 3, 4}{671, 248, 42, 113, 3, 5}{758, 275, 52, 129, 3, 6}{887, 337, 39, 151, 3, 7}{1065, 354, 71, 127, 3, 8}
{419, 145, 29, 78, 3, 1}{477, 168, 30, 99, 3, 2}{529, 187, 29, 141, 3, 3}{583, 215, 29, 104, 3, 4}{662, 251, 38, 126, 3, 5}{758, 275, 52, 129, 3, 6}{865, 335, 40, 157, 3, 7}{1060, 355, 71, 127, 3, 8}
{415, 145, 27, 85, 3, 1}{477, 165, 27, 86, 3, 2}{522, 185, 25, 138, 3, 3}{583, 215, 27, 100, 3, 4}{662, 249, 38, 126, 3, 5}{738, 277, 41, 141, 3, 6}{865, 335, 40, 157, 3, 7}{1030, 367, 53, 154, 3, 8}
{406, 138, 38, 85, 2, 1}{462, 164, 28, 98, 3, 2}{525, 181, 32, 124, 3, 3}{574, 213, 29, 100, 3, 4}{655, 245, 38, 123, 3, 5}{738, 277, 41, 141, 3, 6}{857, 333, 37, 130, 3, 7}{1030, 367, 53, 154, 3, 8}
{403, 137, 30, 93, 2, 1}{455, 161, 25, 106, 3, 2}{506, 181, 31, 129, 3, 3}{566, 211, 27, 105, 3, 4}{648, 245, 37, 127, 3, 5}{736, 275, 41, 141, 3, 6}{857, 333, 37, 130, 3, 7}{1032, 364, 53, 154, 3, 8}
{401, 136, 28, 86, 2, 1}{452, 159, 28, 102, 3, 2}{486, 184, 25, 125, 3, 3}{560, 210, 28, 100, 3, 4}{635, 240, 38, 122, 3, 5}{724, 277, 40, 140, 3, 6}{839, 328, 33, 146, 3, 7}{992, 367, 53, 170, 3, 8}
{402, 129, 35, 79, 2, 1}{454, 157, 29, 95, 3, 2}{502, 176, 35, 102, 3, 3}{562, 206, 30, 105, 3, 4}{637, 239, 37, 124, 3, 5}{724, 277, 40, 140, 3, 6}{839, 328, 33, 146, 3, 7}{992, 367, 53, 170, 3, 8}
{395, 136, 27, 82, 2, 1}{441, 153, 31, 99, 3, 2}{487, 181, 28, 116, 3, 3}{553, 202, 31, 101, 2, 4}{627, 240, 33, 129, 3, 5}{700, 268, 49, 158, 3, 6}{826, 323, 42, 145, 3, 7}{996, 366, 53, 170, 3, 8}
{385, 125, 33, 83, 2, 1}{433, 152, 28, 102, 3, 2}{476, 172, 37, 106, 3, 3}{550, 199, 31, 108, 2, 4}{622, 239, 34, 146, 3, 5}{700, 268, 49, 158, 3, 6}{826, 323, 42, 145, 3, 7}{998, 363, 53, 170, 3, 8}
{380, 126, 31, 78, 2, 1}{438, 155, 21, 78, 3, 2}{479, 174, 31, 109, 3, 3}{549, 200, 30, 91, 2, 4}{621, 235, 38, 127, 3, 5}{684, 266, 44, 160, 3, 6}{807, 325, 41, 151, 3, 7}{975, 363, 58, 153, 3, 8}
{383, 125, 32, 80, 2, 1}{446, 148, 27, 79, 3, 2}{484, 177, 27, 87, 3, 3}{545, 197, 33, 94, 2, 4}{608, 232, 40, 128, 3, 5}{684, 266, 44, 160, 3, 6}{807, 325, 41, 151, 3, 7}{975, 363, 58, 153, 3, 8}
{367, 121, 31, 93, 2, 1}{431, 146, 30, 84, 3, 2}{463, 175, 27, 96, 2, 3}{538, 200, 31, 94, 2, 4}{596, 233, 38, 133, 3, 5}{683, 268, 46, 144, 2, 6}{797, 317, 47, 134, 2, 7}{978, 361, 58, 153, 3, 8}
{364, 118, 29, 100, 2, 1}{424, 147, 29, 92, 3, 2}{463, 172, 29, 108, 2, 3}{533, 199, 29, 105, 2, 4}{599, 231, 39, 132, 3, 5}{683, 268, 46, 144, 2, 6}{774, 323, 38, 154, 2, 7}{964, 366, 53, 147, 2, 8}
{368, 122, 28, 85, 2, 1}{425, 143, 31, 83, 3, 2}{457, 172, 26, 107, 2, 3}{531, 191, 35, 105, 2, 4}{591, 227, 41, 131, 3, 5}{677, 266, 46, 144, 2, 6}{774, 323, 38, 154, 2, 7}{964, 366, 53, 147, 2, 8}
{344, 117, 31, 111, 2, 1}{408, 145, 27, 94, 3, 2}{466, 167, 32, 96, 2, 3}{530, 190, 35, 111, 2, 4}{576, 222, 43, 142, 3, 5}{672, 257, 54, 140, 2, 6}{773, 322, 38, 154, 2, 7}{958, 360, 62, 146, 2, 8}
{344, 110, 41, 100, 2, 1}{407, 144, 29, 106, 3, 2}{456, 164, 32, 111, 2, 3}{534, 187, 39, 103, 2, 4}{586, 229, 35, 129, 2, 5}{672, 257, 54, 140, 2, 6}{767, 312, 63, 159, 2, 7}{958, 360, 62, 146, 2, 8}
{355, 109, 44, 105, 2, 1}{410, 134, 35, 87, 3, 2}{458, 161, 35, 107, 2, 3}{530, 187, 34, 119, 2, 4}{580, 229, 35, 141, 2, 5}{674, 257, 54, 140, 2, 6}{767, 312, 63, 159, 2, 7}{966, 360, 62, 146, 2, 8}
{355, 113, 34, 116, 2, 1}{408, 137, 30, 108, 3, 2}{460, 167, 27, 105, 2, 3}{533, 184, 36, 116, 2, 4}{582, 224, 44, 149, 2, 5}{672, 257, 54, 140, 2, 6}{770, 311, 63, 159, 2, 7}{940, 367, 74, 157, 2, 8}
{361, 114, 37, 123, 2, 1}{416, 139, 29, 91, 3, 2}{461, 164, 29, 104, 2, 3}{534, 186, 37, 109, 2, 4}{587, 225, 40, 138, 2, 5}{670, 261, 54, 140, 2, 6}{773, 310, 63, 159, 2, 7}{949, 367, 74, 157, 2, 8}
{369, 117, 33, 109, 2, 1}{418, 135, 35, 91, 3, 2}{468, 162, 29, 91, 2, 3}{534, 186, 37, 109, 2, 4}{589, 220, 48, 133, 2, 5}{668, 265, 54, 140, 2, 6}{768, 311, 63, 159, 2, 7}{962, 367, 74, 157, 2, 8}
{377, 109, 40, 110, 2, 1}{422, 138, 35, 110, 2, 2}{472, 163, 33, 105, 2, 3}{522, 191, 33, 128, 2, 4}{599, 218, 49, 129, 2, 5}{662, 267, 54, 140, 2, 6}{767, 312, 63, 159, 2, 7}{975, 367, 74, 157, 2, 8}
{386, 107, 39, 109, 2, 1}{434, 131, 33, 114, 2, 2}{475, 164, 31, 101, 2, 3}{522, 191, 33, 128, 2, 4}{605, 217, 44, 127, 2, 5}{647, 261, 55, 143, 2, 6}{770, 317, 63, 159, 2, 7}{960, 357, 78, 153, 2, 8}
{392, 108, 35, 97, 2, 1}{438, 131, 35, 107, 2, 2}{473, 155, 40, 109, 2, 3}{528, 190, 33, 128, 2, 4}{605, 217, 44, 127, 2, 5}{647, 261, 55, 143, 2, 6}{745, 321, 61, 196, 2, 7}{960, 357, 78, 153, 2, 8}
{403, 112, 29, 76, 2, 1}{444, 126, 41, 101, 2, 2}{482, 155, 38, 95, 2, 3}{531, 184, 42, 116, 2, 4}{613, 217, 44, 127, 2, 5}{650, 262, 55, 143, 2, 6}{745, 321, 61, 196, 2, 7}{922, 364, 83, 187, 2, 8}
{403, 112, 29, 76, 2, 1}{439, 128, 39, 103, 2, 2}{480, 158, 35, 93, 2, 3}{531, 184, 42, 116, 2, 4}{612, 224, 42, 106, 2, 5}{657, 263, 55, 143, 2, 6}{747, 322, 61, 196, 2, 7}{922, 364, 83, 187, 2, 8}
{383, 115, 27, 99, 2, 1}{438, 132, 34, 106, 2, 2}{481, 156, 36, 90, 2, 3}{543, 189, 36, 122, 2, 4}{612, 224, 42, 106, 2, 5}{664, 262, 55, 143, 2, 6}{753, 323, 61, 196, 2, 7}{931, 365, 83, 187, 2, 8}
{383, 115, 27, 99, 2, 1}{434, 130, 30, 114, 2, 2}{476, 158, 35, 104, 2, 3}{543, 189, 36, 122, 2, 4}{611, 225, 42, 106, 2, 5}{663, 263, 55, 143, 2, 6}{757, 324, 61, 196, 2, 7}{942, 364, 83, 187, 2, 8}
{394, 107, 35, 114, 2, 1}{430, 125, 37, 119, 2, 2}{465, 158, 37, 110, 2, 3}{549, 186, 36, 122, 2, 4}{576, 224, 42, 146, 2, 5}{662, 262, 55, 143, 2, 6}{763, 323, 61, 196, 2, 7}{951, 365, 83, 187, 2, 8}
{394, 107, 35, 114, 2, 1}{427, 130, 33, 132, 2, 2}{466, 155, 37, 97, 2, 3}{543, 184, 36, 115, 2, 4}{576, 224, 42, 146, 2, 5}{665, 261, 55, 143, 2, 6}{757, 322, 75, 170, 2, 7}{919, 386, 82, 163, 2, 8}
{402, 105, 30, 114, 2, 1}{426, 128, 34, 113, 2, 2}{460, 147, 45, 109, 2, 3}{543, 184, 36, 115, 2, 4}{577, 224, 42, 146, 2, 5}{648, 256, 65, 155, 2, 6}{757, 322, 75, 170, 2, 7}{919, 386, 82, 163, 2, 8}
{402, 105, 30, 114, 2, 1}{422, 123, 33, 139, 2, 2}{466, 153, 39, 110, 2, 3}{517, 179, 42, 136, 2, 4}{567, 217, 48, 132, 2, 5}{648, 256, 65, 155, 2, 6}{757, 321, 75, 170, 2, 7}{926, 384, 82, 163, 2, 8}
{407, 102, 30, 114, 2, 1}{433, 126, 30, 123, 2, 2}{468, 146, 41, 117, 2, 3}{517, 179, 42, 136, 2, 4}{567, 217, 48, 132, 2, 5}{643, 255, 65, 155, 2, 6}{755, 318, 75, 170, 2, 7}{933, 380, 82, 163, 2, 8}
{409, 99, 30, 97, 2, 1}{432, 116, 32, 132, 2, 2}{476, 141, 38, 125, 2, 3}{520, 176, 42, 135, 2, 4}{574, 213, 48, 132, 2, 5}{640, 254, 65, 155, 2, 6}{753, 315, 75, 170, 2, 7}{903, 398, 63, 155, 2, 8}
{409, 99, 30, 97, 2, 1}{439, 119, 33, 130, 2, 2}{485, 135, 40, 118, 2, 3}{520, 176, 42, 135, 2, 4}{574, 213, 48, 132, 2, 5}{637, 251, 65, 155, 2, 6}{733, 320, 75, 170, 2, 7}{903, 398, 63, 155, 2, 8}
{402, 88, 38, 107, 2, 1}{435, 114, 32, 140, 2, 2}{485, 134, 39, 123, 2, 3}{525, 173, 42, 135, 2, 4}{581, 210, 48, 132, 2, 5}{638, 248, 65, 155, 2, 6}{727, 321, 75, 170, 2, 7}{910, 397, 63, 155, 2, 8}
{402, 88, 38, 107, 2, 1}{448, 108, 35, 135, 2, 2}{485, 134, 39, 123, 2, 3}{533, 167, 39, 138, 2, 4}{570, 207, 48, 132, 2, 5}{645, 245, 65, 155, 2, 6}{715, 320, 75, 170, 2, 7}{858, 374, 96, 208, 2, 8}
{405, 86, 38, 107, 2, 1}{445, 105, 38, 119, 2, 2}{486, 131, 39, 123, 2, 3}{533, 167, 39, 138, 2, 4}{587, 196, 52, 100, 2, 5}{624, 247, 66, 137, 2, 6}{711, 319, 75, 170, 2, 7}{858, 374, 96, 208, 2, 8}
{403, 78, 34, 115, 2, 1}{445, 105, 38, 119, 2, 2}{478, 124, 47, 126, 2, 3}{533, 162, 37, 145, 2, 4}{587, 196, 52, 100, 2, 5}{624, 247, 66, 137, 2, 6}{709, 318, 75, 170, 2, 7}{866, 372, 96, 208, 2, 8}
{403, 78, 34, 115, 2, 1}{444, 104, 32, 135, 2, 2}{478, 124, 47, 126, 2, 3}{533, 162, 37, 145, 2, 4}{586, 195, 52, 100, 2, 5}{625, 245, 66, 137, 2, 6}{709, 319, 75, 170, 2, 7}{876, 372, 96, 208, 2, 8}
{412, 76, 34, 115, 2, 1}{444, 104, 32, 135, 2, 2}{460, 125, 40, 128, 2, 3}{535, 160, 37, 145, 2, 4}{551, 198, 50, 150, 2, 5}{616, 245, 66, 137, 2, 6}{713, 316, 75, 170, 2, 7}{886, 372, 96, 208, 2, 8}
{421, 75, 35, 111, 2, 1}{432, 102, 35, 104, 2, 2}{460, 125, 40, 128, 2, 3}{528, 158, 38, 142, 2, 4}{551, 198, 50, 150, 2, 5}{603, 249, 66, 137, 2, 6}{721, 317, 75, 170, 2, 7}{896, 370, 96, 208, 2, 8}
{421, 75, 35, 111, 2, 1}{432, 102, 35, 104, 2, 2}{459, 123, 41, 126, 2, 3}{528, 158, 38, 142, 2, 4}{555, 196, 50, 150, 2, 5}{588, 249, 66, 137, 2, 6}{719, 318, 75, 170, 2, 7}{853, 375, 97, 194, 2, 8}
{431, 72, 35, 111, 2, 1}{436, 100, 35, 104, 2, 2}{459, 123, 41, 126, 2, 3}{535, 157, 38, 142, 2, 4}{559, 196, 50, 150, 2, 5}{585, 251, 66, 137, 2, 6}{721, 319, 75, 170, 2, 7}{853, 375, 97, 194, 2, 8}
{433, 70, 30, 115, 2, 1}{445, 98, 30, 108, 2, 2}{466, 121, 41, 126, 2, 3}{517, 156, 42, 140, 2, 4}{559, 194, 50, 150, 2, 5}{586, 251, 66, 137, 2, 6}{719, 318, 75, 170, 2, 7}{861, 376, 97, 194, 2, 8}
{433, 70, 30, 115, 2, 1}{445, 98, 30, 108, 2, 2}{476, 119, 41, 126, 2, 3}{517, 156, 42, 140, 2, 4}{577, 195, 50, 129, 2, 5}{587, 249, 66, 137, 2, 6}{719, 317, 75, 170, 2, 7}{871, 375, 97, 194, 2, 8}
{429, 69, 34, 124, 2, 1}{448, 99, 29, 116, 2, 2}{503, 115, 44, 123, 2, 3}{527, 154, 42, 140, 2, 4}{577, 195, 50, 129, 2, 5}{596, 247, 66, 137, 2, 6}{695, 313, 72, 209, 2, 7}{855, 385, 86, 166, 2, 8}
{429, 69, 34, 124, 2, 1}{448, 99, 29, 116, 2, 2}{503, 115, 44, 123, 2, 3}{529, 154, 37, 147, 2, 4}{578, 191, 50, 129, 2, 5}{605, 245, 66, 137, 2, 6}{695, 313, 72, 209, 2, 7}{843, 395, 94, 185, 2, 8}
{436, 67, 34, 124, 2, 1}{457, 97, 29, 116, 2, 2}{511, 113, 44, 123, 2, 3}{529, 154, 37, 147, 2, 4}{573, 191, 50, 129, 2, 5}{608, 243, 66, 137, 2, 6}{654, 324, 69, 234, 2, 7}{800, 404, 83, 197, 2, 8}
{444, 66, 34, 124, 2, 1}{484, 86, 39, 104, 2, 2}{506, 116, 39, 140, 2, 3}{537, 152, 37, 147, 2, 4}{572, 189, 50, 129, 2, 5}{607, 243, 66, 137, 2, 6}{654, 324, 69, 234, 2, 7}{800, 404, 83, 197, 2, 8}
{438, 61, 32, 138, 2, 1}{484, 86, 39, 104, 2, 2}{506, 116, 39, 140, 2, 3}{545, 142, 48, 123, 2, 4}{571, 187, 50, 129, 2, 5}{602, 241, 66, 137, 2, 6}{652, 323, 69, 234, 2, 7}{809, 403, 83, 197, 2, 8}
{438, 61, 32, 138, 2, 1}{486, 84, 39, 104, 2, 2}{496, 113, 40, 139, 2, 3}{545, 142, 48, 123, 2, 4}{564, 189, 50, 129, 2, 5}{589, 245, 66, 137, 2, 6}{646, 324, 69, 234, 2, 7}{822, 402, 83, 197, 2, 8}
{449, 58, 32, 138, 2, 1}{486, 81, 35, 114, 2, 2}{496, 113, 40, 139, 2, 3}{537, 148, 42, 150, 2, 4}{561, 191, 50, 129, 2, 5}{582, 245, 66, 137, 2, 6}{648, 323, 69, 234, 2, 7}{833, 403, 83, 197, 2, 8}
{469, 57, 33, 127, 2, 1}{486, 81, 35, 114, 2, 2}{503, 112, 40, 139, 2, 3}{537, 148, 42, 150, 2, 4}{544, 189, 50, 129, 2, 5}{575, 245, 66, 137, 2, 6}{650, 322, 69, 234, 2, 7}{802, 411, 93, 231, 2, 8}
{469, 57, 33, 127, 2, 1}{478, 85, 30, 129, 2, 2}{500, 101, 49, 146, 2, 3}{537, 146, 41, 132, 2, 4}{545, 189, 50, 129, 2, 5}{578, 245, 66, 137, 2, 6}{652, 323, 69, 234, 2, 7}{802, 411, 93, 231, 2, 8}
{476, 55, 33, 127, 2, 1}{478, 85, 30, 129, 2, 2}{500, 101, 49, 146, 2, 3}{537, 146, 41, 132, 2, 4}{550, 189, 50, 129, 2, 5}{579, 243, 66, 137, 2, 6}{656, 324, 69, 234, 2, 7}{813, 410, 93, 231, 2, 8}
{471, 49, 35, 137, 2, 1}{491, 77, 31, 119, 2, 2}{508, 100, 49, 146, 2, 3}{544, 145, 41, 132, 2, 4}{564, 182, 53, 173, 2, 5}{586, 241, 66, 137, 2, 6}{656, 321, 69, 234, 2, 7}{828, 411, 93, 231, 2, 8}
{471, 49, 35, 137, 2, 1}{491, 77, 31, 119, 2, 2}{514, 97, 49, 146, 2, 3}{558, 139, 43, 125, 2, 4}{564, 182, 53, 173, 2, 5}{593, 241, 66, 137, 2, 6}{660, 322, 69, 234, 2, 7}{812, 410, 78, 199, 2, 8}
{479, 49, 35, 140, 2, 1}{501, 77, 29, 127, 2, 2}{518, 98, 49, 146, 2, 3}{558, 139, 43, 125, 2, 4}{571, 181, 53, 173, 2, 5}{596, 241, 66, 137, 2, 6}{670, 321, 69, 234, 2, 7}{812, 410, 78, 199, 2, 8}
{479, 49, 35, 140, 2, 1}{501, 77, 29, 127, 2, 2}{520, 97, 49, 146, 2, 3}{563, 142, 44, 118, 2, 4}{578, 182, 53, 173, 2, 5}{597, 239, 66, 137, 2, 6}{653, 315, 82, 203, 2, 7}{761, 401, 113, 217, 2, 8}
{485, 49, 35, 140, 2, 1}{508, 77, 29, 127, 2, 2}{524, 96, 49, 146, 2, 3}{563, 142, 44, 118, 2, 4}{573, 183, 53, 173, 2, 5}{596, 237, 66, 137, 2, 6}{624, 315, 78, 228, 2, 7}{761, 401, 113, 217, 2, 8}
{498, 43, 38, 135, 2, 1}{512, 76, 29, 127, 2, 2}{526, 96, 48, 137, 2, 3}{567, 137, 44, 113, 2, 4}{576, 184, 53, 173, 2, 5}{570, 245, 56, 173, 2, 6}{624, 315, 78, 228, 2, 7}{729, 430, 72, 233, 2, 8}
{498, 43, 38, 135, 2, 1}{525, 75, 32, 108, 2, 2}{526, 96, 48, 137, 2, 3}{567, 137, 44, 113, 2, 4}{575, 181, 53, 173, 2, 5}{570, 245, 56, 173, 2, 6}{622, 315, 78, 228, 2, 7}{729, 430, 72, 233, 2, 8}
{504, 43, 38, 135, 2, 1}{525, 75, 32, 108, 2, 2}{527, 98, 48, 137, 2, 3}{552, 140, 47, 119, 2, 4}{582, 182, 53, 173, 2, 5}{569, 245, 56, 173, 2, 6}{610, 313, 78, 228, 2, 7}{724, 432, 72, 233, 2, 8}
{510, 47, 32, 121, 2, 1}{530, 75, 32, 108, 2, 2}{526, 98, 48, 137, 2, 3}{552, 140, 47, 119, 2, 4}{574, 180, 55, 160, 2, 5}{566, 245, 56, 173, 2, 6}{604, 315, 78, 228, 2, 7}{707, 434, 72, 233, 2, 8}
{510, 47, 32, 121, 2, 1}{521, 74, 31, 129, 2, 2}{527, 98, 48, 137, 2, 3}{558, 140, 47, 119, 2, 4}{574, 180, 55, 160, 2, 5}{561, 245, 56, 173, 2, 6}{602, 315, 78, 228, 2, 7}{694, 436, 72, 233, 2, 8}
{507, 48, 32, 122, 2, 1}{521, 74, 31, 129, 2, 2}{532, 98, 48, 137, 2, 3}{536, 145, 41, 140, 2, 4}{572, 179, 55, 160, 2, 5}{562, 245, 56, 173, 2, 6}{606, 317, 78, 228, 2, 7}{689, 438, 72, 233, 2, 8}
{507, 48, 32, 122, 2, 1}{528, 75, 31, 129, 2, 2}{541, 98, 48, 137, 2, 3}{536, 145, 41, 140, 2, 4}{574, 180, 55, 160, 2, 5}{567, 245, 56, 173, 2, 6}{610, 317, 78, 228, 2, 7}{689, 438, 72, 233, 2, 8}
{502, 45, 37, 119, 2, 1}{513, 74, 34, 137, 2, 2}{554, 98, 48, 137, 2, 3}{549, 144, 41, 140, 2, 4}{576, 181, 55, 160, 2, 5}{578, 245, 56, 173, 2, 6}{616, 319, 78, 228, 2, 7}{684, 438, 72, 233, 2, 8}
{502, 45, 37, 119, 2, 1}{513, 74, 34, 137, 2, 2}{561, 98, 48, 137, 2, 3}{554, 147, 47, 135, 2, 4}{586, 182, 55, 160, 2, 5}{565, 252, 54, 169, 2, 6}{622, 321, 78, 228, 2, 7}{673, 438, 72, 233, 2, 8}
{515, 44, 46, 129, 2, 1}{518, 74, 34, 137, 2, 2}{566, 100, 48, 137, 2, 3}{554, 147, 47, 135, 2, 4}{586, 191, 51, 170, 2, 5}{565, 252, 54, 169, 2, 6}{628, 323, 78, 228, 2, 7}{660, 440, 72, 233, 2, 8}
{515, 44, 46, 129, 2, 1}{526, 74, 34, 137, 2, 2}{573, 100, 48, 137, 2, 3}{556, 146, 47, 135, 2, 4}{586, 191, 51, 170, 2, 5}{561, 251, 62, 138, 2, 6}{609, 321, 86, 204, 2, 7}{651, 442, 72, 233, 2, 8}
{527, 44, 46, 129, 2, 1}{547, 75, 40, 144, 2, 2}{582, 100, 48, 137, 2, 3}{554, 147, 47, 135, 2, 4}{592, 190, 51, 170, 2, 5}{538, 256, 58, 159, 2, 6}{609, 321, 86, 204, 2, 7}{642, 446, 72, 233, 2, 8}
{557, 50, 33, 111, 2, 1}{547, 75, 40, 144, 2, 2}{560, 99, 48, 150, 2, 3}{558, 147, 47, 135, 2, 4}{590, 187, 51, 170, 2, 5}{538, 256, 58, 159, 2, 6}{607, 323, 86, 204, 2, 7}{627, 444, 72, 233, 2, 8}
{557, 50, 33, 111, 2, 1}{566, 80, 33, 153, 2, 2}{560, 99, 48, 150, 2, 3}{567, 148, 40, 141, 2, 4}{586, 186, 51, 170, 2, 5}{543, 258, 58, 159, 2, 6}{561, 342, 65, 187, 2, 7}{622, 448, 72, 233, 2, 8}
{567, 46, 38, 130, 2, 1}{566, 80, 33, 153, 2, 2}{558, 99, 48, 150, 2, 3}{567, 148, 40, 141, 2, 4}{590, 189, 51, 170, 2, 5}{546, 260, 58, 159, 2, 6}{561, 342, 65, 187, 2, 7}{607, 450, 72, 233, 2, 8}
{567, 46, 38, 130, 2, 1}{575, 80, 33, 153, 2, 2}{554, 97, 48, 150, 2, 3}{563, 152, 39, 156, 2, 4}{578, 186, 51, 170, 2, 5}{549, 258, 58, 159, 2, 6}{562, 343, 65, 187, 2, 7}{592, 448, 72, 233, 2, 8}
{579, 47, 38, 130, 2, 1}{584, 75, 40, 140, 2, 2}{558, 99, 48, 150, 2, 3}{563, 152, 39, 156, 2, 4}{578, 186, 51, 170, 2, 5}{548, 258, 58, 159, 2, 6}{563, 344, 65, 187, 2, 7}{633, 464, 96, 276, 2, 8}
{577, 58, 29, 121, 2, 1}{584, 75, 40, 140, 2, 2}{566, 99, 48, 150, 2, 3}{571, 152, 39, 156, 2, 4}{576, 187, 51, 170, 2, 5}{557, 258, 58, 159, 2, 6}{556, 343, 65, 187, 2, 7}{633, 464, 96, 276, 2, 8}
{577, 58, 29, 121, 2, 1}{592, 75, 40, 140, 2, 2}{576, 99, 48, 150, 2, 3}{582, 150, 45, 148, 2, 4}{576, 186, 51, 170, 2, 5}{562, 258, 58, 159, 2, 6}{556, 343, 65, 187, 2, 7}{623, 464, 96, 276, 2, 8}
{585, 59, 29, 121, 2, 1}{578, 81, 37, 145, 2, 2}{582, 99, 48, 150, 2, 3}{582, 150, 45, 148, 2, 4}{576, 185, 51, 170, 2, 5}{562, 258, 58, 159, 2, 6}{559, 344, 65, 187, 2, 7}{611, 464, 96, 276, 2, 8}
{593, 53, 34, 131, 2, 1}{578, 81, 37, 145, 2, 2}{598, 106, 45, 142, 2, 3}{588, 151, 45, 148, 2, 4}{584, 184, 51, 170, 2, 5}{549, 254, 65, 173, 2, 6}{584, 347, 72, 203, 2, 7}{593, 464, 96, 276, 2, 8}
{593, 53, 34, 131, 2, 1}{577, 81, 36, 137, 2, 2}{598, 106, 45, 142, 2, 3}{582, 152, 45, 148, 2, 4}{600, 185, 51, 170, 2, 5}{525, 250, 66, 174, 2, 6}{584, 347, 72, 203, 2, 7}{577, 462, 96, 276, 2, 8}
{605, 53, 34, 131, 2, 1}{577, 81, 36, 137, 2, 2}{606, 106, 45, 142, 2, 3}{590, 151, 45, 148, 2, 4}{604, 201, 50, 171, 2, 5}{525, 250, 66, 174, 2, 6}{583, 347, 72, 203, 2, 7}{567, 464, 96, 276, 2, 8}
{617, 56, 31, 105, 2, 1}{584, 81, 36, 137, 2, 2}{601, 104, 45, 139, 2, 3}{598, 152, 45, 148, 2, 4}{604, 201, 50, 171, 2, 5}{525, 250, 66, 174, 2, 6}{583, 347, 72, 203, 2, 7}{555, 464, 96, 276, 2, 8}
{617, 56, 31, 105, 2, 1}{590, 81, 36, 137, 2, 2}{601, 104, 45, 139, 2, 3}{596, 151, 40, 140, 2, 4}{607, 199, 50, 171, 2, 5}{525, 250, 66, 174, 2, 6}{561, 331, 79, 169, 2, 7}{543, 464, 96, 276, 2, 8}
{634, 55, 35, 108, 2, 1}{604, 83, 36, 160, 2, 2}{602, 104, 45, 139, 2, 3}{596, 151, 40, 140, 2, 4}{610, 199, 50, 171, 2, 5}{529, 250, 66, 174, 2, 6}{561, 331, 79, 169, 2, 7}{531, 466, 96, 276, 2, 8}
{634, 55, 35, 108, 2, 1}{604, 83, 36, 160, 2, 2}{593, 106, 45, 136, 2, 3}{605, 152, 40, 140, 2, 4}{613, 201, 50, 171, 2, 5}{533, 250, 66, 174, 2, 6}{510, 334, 81, 210, 2, 7}{515, 466, 96, 276, 2, 8}
{641, 56, 35, 108, 2, 1}{611, 84, 36, 160, 2, 2}{593, 106, 45, 136, 2, 3}{584, 150, 43, 157, 2, 4}{602, 188, 56, 123, 2, 5}{539, 250, 66, 174, 2, 6}{510, 334, 81, 210, 2, 7}{501, 466, 96, 276, 2, 8}
{628, 57, 34, 125, 2, 1}{637, 80, 40, 124, 2, 2}{596, 108, 45, 136, 2, 3}{584, 150, 43, 157, 2, 4}{587, 193, 55, 142, 2, 5}{545, 250, 66, 174, 2, 6}{508, 335, 81, 210, 2, 7}{485, 468, 96, 276, 2, 8}
{628, 57, 34, 125, 2, 1}{637, 80, 40, 124, 2, 2}{597, 109, 44, 115, 2, 3}{591, 151, 43, 157, 2, 4}{587, 193, 55, 142, 2, 5}{524, 261, 55, 166, 2, 6}{492, 334, 81, 210, 2, 7}{517, 451, 98, 304, 2, 8}
{629, 59, 36, 124, 2, 1}{617, 82, 36, 133, 2, 2}{597, 109, 44, 115, 2, 3}{598, 152, 43, 157, 2, 4}{581, 194, 55, 142, 2, 5}{524, 261, 55, 166, 2, 6}{482, 335, 81, 210, 2, 7}{517, 451, 98, 304, 2, 8}
{629, 59, 36, 124, 2, 1}{617, 82, 36, 133, 2, 2}{602, 111, 44, 115, 2, 3}{605, 155, 43, 157, 2, 4}{581, 197, 55, 142, 2, 5}{499, 259, 61, 140, 2, 6}{482, 338, 81, 210, 2, 7}{501, 455, 98, 304, 2, 8}
{634, 63, 32, 121, 2, 1}{617, 84, 36, 133, 2, 2}{608, 117, 39, 134, 2, 3}{586, 156, 43, 157, 2, 4}{583, 198, 55, 142, 2, 5}{499, 259, 61, 140, 2, 6}{482, 338, 81, 210, 2, 7}{485, 455, 98, 304, 2, 8}
{634, 63, 32, 121, 2, 1}{619, 92, 32, 130, 2, 2}{608, 117, 39, 134, 2, 3}{593, 157, 43, 157, 2, 4}{590, 211, 46, 139, 2, 5}{495, 260, 61, 140, 2, 6}{486, 337, 81, 210, 2, 7}{471, 453, 98, 304, 2, 8}
{644, 64, 32, 121, 2, 1}{619, 92, 32, 130, 2, 2}{613, 118, 39, 134, 2, 3}{600, 158, 43, 157, 2, 4}{590, 211, 46, 139, 2, 5}{495, 261, 61, 140, 2, 6}{494, 338, 81, 210, 2, 7}{457, 455, 98, 304, 2, 8}
{658, 65, 32, 121, 2, 1}{625, 93, 32, 130, 2, 2}{611, 120, 45, 149, 2, 3}{576, 163, 44, 145, 2, 4}{602, 210, 48, 127, 2, 5}{495, 262, 61, 140, 2, 6}{490, 337, 81, 210, 2, 7}{447, 455, 98, 304, 2, 8}
{665, 69, 32, 85, 2, 1}{635, 93, 36, 127, 2, 2}{611, 120, 45, 149, 2, 3}{576, 163, 44, 145, 2, 4}{602, 210, 48, 127, 2, 5}{499, 261, 61, 140, 2, 6}{486, 338, 81, 210, 2, 7}{435, 455, 98, 304, 2, 8}
{665, 69, 32, 85, 2, 1}{635, 93, 36, 127, 2, 2}{606, 121, 45, 149, 2, 3}{581, 164, 44, 145, 2, 4}{602, 211, 48, 127, 2, 5}{513, 262, 61, 140, 2, 6}{494, 339, 81, 210, 2, 7}{425, 455, 98, 304, 2, 8}
{653, 70, 34, 131, 2, 1}{653, 99, 32, 122, 2, 2}{595, 124, 45, 149, 2, 3}{587, 167, 44, 145, 2, 4}{605, 205, 53, 133, 2, 5}{494, 268, 62, 140, 2, 6}{494, 339, 81, 210, 2, 7}{415, 455, 98, 304, 2, 8}
{653, 70, 34, 131, 2, 1}{653, 99, 32, 122, 2, 2}{594, 123, 45, 149, 2, 3}{597, 169, 42, 152, 2, 4}{605, 205, 53, 133, 2, 5}{494, 268, 62, 140, 2, 6}{454, 353, 75, 233, 2, 7}{405, 455, 98, 304, 2, 8}
{667, 73, 34, 131, 2, 1}{667, 101, 32, 122, 2, 2}{609, 126, 45, 149, 2, 3}{597, 169, 42, 152, 2, 4}{589, 210, 50, 110, 2, 5}{502, 270, 62, 140, 2, 6}{454, 353, 75, 233, 2, 7}{403, 455, 98, 304, 2, 8}
{690, 74, 40, 103, 2, 1}{682, 105, 37, 138, 2, 2}{626, 129, 45, 149, 2, 3}{610, 170, 42, 152, 2, 4}{589, 210, 50, 110, 2, 5}{492, 270, 62, 140, 2, 6}{459, 352, 75, 233, 2, 7}{395, 455, 98, 304, 2, 8}
{690, 74, 40, 103, 2, 1}{682, 105, 37, 138, 2, 2}{643, 132, 45, 149, 2, 3}{625, 172, 46, 134, 2, 4}{600, 213, 58, 131, 2, 5}{492, 270, 62, 140, 2, 6}{460, 353, 75, 233, 2, 7}{387, 455, 98, 304, 2, 8}
{706, 77, 40, 103, 2, 1}{716, 109, 36, 115, 2, 2}{667, 130, 51, 143, 2, 3}{625, 172, 46, 134, 2, 4}{600, 213, 58, 131, 2, 5}{476, 268, 62, 140, 2, 6}{465, 352, 75, 233, 2, 7}{483, 461, 109, 243, 2, 8}
{726, 87, 35, 97, 2, 1}{716, 109, 36, 115, 2, 2}{667, 130, 51, 143, 2, 3}{631, 174, 46, 134, 2, 4}{609, 215, 58, 131, 2, 5}{474, 270, 62, 140, 2, 6}{472, 355, 75, 233, 2, 7}{483, 461, 109, 243, 2, 8}
{726, 87, 35, 97, 2, 1}{714, 110, 46, 104, 2, 2}{676, 131, 51, 143, 2, 3}{644, 180, 42, 118, 2, 4}{628, 219, 58, 131, 2, 5}{478, 272, 62, 140, 2, 6}{479, 356, 75, 233, 2, 7}{484, 460, 109, 243, 2, 8}
{757, 92, 39, 115, 2, 1}{714, 110, 46, 104, 2, 2}{685, 134, 51, 143, 2, 3}{644, 180, 42, 118, 2, 4}{638, 225, 54, 146, 2, 5}{490, 274, 62, 140, 2, 6}{484, 357, 75, 233, 2, 7}{479, 461, 109, 243, 2, 8}
{757, 92, 39, 115, 2, 1}{725, 119, 35, 108, 2, 2}{696, 137, 51, 143, 2, 3}{644, 180, 42, 118, 2, 4}{638, 225, 54, 146, 2, 5}{504, 276, 62, 140, 2, 6}{493, 360, 75, 233, 2, 7}{468, 460, 109, 243, 2, 8}
{766, 96, 39, 115, 2, 1}{725, 119, 35, 108, 2, 2}{697, 140, 51, 143, 2, 3}{653, 183, 42, 118, 2, 4}{642, 225, 54, 146, 2, 5}{518, 280, 62, 140, 2, 6}{496, 361, 75, 233, 2, 7}{463, 459, 109, 243, 2, 8}
{771, 103, 34, 94, 2, 1}{738, 125, 35, 121, 2, 2}{692, 141, 51, 143, 2, 3}{647, 191, 44, 139, 2, 4}{640, 225, 54, 146, 2, 5}{522, 282, 62, 140, 2, 6}{501, 362, 75, 233, 2, 7}{454, 460, 109, 243, 2, 8}
{771, 103, 34, 94, 2, 1}{738, 125, 35, 121, 2, 2}{687, 144, 51, 143, 2, 3}{647, 191, 44, 139, 2, 4}{669, 226, 58, 105, 2, 5}{530, 282, 62, 140, 2, 6}{504, 367, 75, 233, 2, 7}{443, 459, 109, 243, 2, 8}
{779, 110, 37, 108, 2, 1}{747, 128, 35, 121, 2, 2}{686, 147, 51, 143, 2, 3}{659, 194, 44, 139, 2, 4}{669, 226, 58, 105, 2, 5}{524, 284, 62, 140, 2, 6}{497, 368, 75, 233, 2, 7}{434, 458, 109, 243, 2, 8}
{779, 110, 37, 108, 2, 1}{760, 133, 44, 121, 2, 2}{693, 157, 49, 143, 2, 3}{659, 194, 44, 139, 2, 4}{640, 235, 53, 122, 2, 5}{516, 288, 62, 140, 2, 6}{471, 363, 84, 179, 2, 7}{427, 459, 109, 243, 2, 8}
{793, 117, 36, 110, 2, 1}{760, 133, 44, 121, 2, 2}{693, 157, 49, 143, 2, 3}{659, 196, 44, 139, 2, 4}{640, 235, 53, 122, 2, 5}{504, 290, 62, 140, 2, 6}{471, 363, 84, 179, 2, 7}{418, 460, 109, 243, 2, 8}
{793, 117, 36, 110, 2, 1}{771, 137, 44, 121, 2, 2}{706, 160, 49, 143, 2, 3}{659, 196, 44, 139, 2, 4}{642, 236, 53, 122, 2, 5}{494, 288, 62, 140, 2, 6}{474, 365, 84, 179, 2, 7}{409, 459, 109, 243, 2, 8}
{803, 120, 36, 110, 2, 1}{780, 140, 44, 121, 2, 2}{715, 163, 49, 143, 2, 3}{661, 198, 44, 139, 2, 4}{646, 241, 53, 122, 2, 5}{496, 292, 62, 140, 2, 6}{473, 365, 84, 179, 2, 7}{400, 458, 109, 243, 2, 8}
{813, 123, 42, 104, 2, 1}{799, 145, 44, 114, 2, 2}{722, 166, 49, 143, 2, 3}{658, 200, 44, 139, 2, 4}{648, 242, 53, 122, 2, 5}{500, 294, 62, 140, 2, 6}{466, 363, 84, 179, 2, 7}{399, 453, 109, 243, 2, 8}
{813, 123, 42, 104, 2, 1}{799, 145, 44, 114, 2, 2}{721, 169, 49, 143, 2, 3}{682, 206, 47, 104, 2, 4}{657, 248, 54, 131, 2, 5}{516, 296, 62, 140, 2, 6}{467, 365, 84, 179, 2, 7}{398, 450, 109, 243, 2, 8}
{821, 126, 42, 104, 2, 1}{808, 148, 44, 114, 2, 2}{726, 172, 49, 143, 2, 3}{682, 206, 47, 104, 2, 4}{657, 248, 54, 131, 2, 5}{526, 300, 62, 140, 2, 6}{467, 365, 84, 179, 2, 7}{391, 445, 109, 243, 2, 8}
{834, 133, 39, 116, 2, 1}{799, 158, 38, 120, 2, 2}{733, 173, 49, 143, 2, 3}{687, 209, 47, 104, 2, 4}{689, 263, 47, 122, 2, 5}{530, 302, 62, 140, 2, 6}{474, 367, 84, 179, 2, 7}{386, 450, 109, 243, 2, 8}
{834, 133, 39, 116, 2, 1}{799, 158, 38, 120, 2, 2}{732, 176, 49, 143, 2, 3}{687, 209, 47, 104, 2, 4}{689, 263, 47, 122, 2, 5}{534, 302, 62, 140, 2, 6}{487, 369, 84, 179, 2, 7}{379, 451, 109, 243, 2, 8}
{849, 138, 39, 112, 2, 1}{807, 160, 41, 111, 2, 2}{729, 177, 49, 143, 2, 3}{715, 224, 40, 106, 2, 4}{693, 264, 47, 122, 2, 5}{553, 300, 63, 114, 2, 6}{486, 367, 84, 179, 2, 7}{372, 450, 109, 243, 2, 8}
{849, 138, 39, 112, 2, 1}{807, 160, 41, 111, 2, 2}{724, 178, 49, 143, 2, 3}{715, 224, 40, 106, 2, 4}{695, 260, 49, 122, 2, 5}{553, 300, 63, 114, 2, 6}{489, 369, 84, 179, 2, 7}{365, 447, 109, 243, 2, 8}
{860, 141, 39, 112, 2, 1}{814, 163, 41, 111, 2, 2}{729, 179, 49, 143, 2, 3}{727, 227, 40, 106, 2, 4}{695, 260, 49, 122, 2, 5}{533, 302, 62, 131, 2, 6}{488, 369, 84, 179, 2, 7}{360, 446, 109, 243, 2, 8}
{850, 139, 44, 105, 2, 1}{836, 173, 34, 105, 2, 2}{732, 182, 49, 143, 2, 3}{735, 226, 50, 92, 2, 4}{675, 263, 54, 120, 2, 5}{533, 302, 62, 131, 2, 6}{495, 373, 84, 179, 2, 7}{355, 445, 109, 243, 2, 8}
{850, 139, 44, 105, 2, 1}{836, 173, 34, 105, 2, 2}{741, 185, 49, 143, 2, 3}{735, 226, 50, 92, 2, 4}{675, 263, 54, 120, 2, 5}{534, 304, 62, 131, 2, 6}{466, 367, 85, 166, 2, 7}{348, 444, 109, 243, 2, 8}
{861, 142, 44, 105, 2, 1}{846, 176, 34, 105, 2, 2}{770, 199, 45, 133, 2, 3}{735, 226, 50, 92, 2, 4}{675, 263, 54, 120, 2, 5}{539, 308, 62, 131, 2, 6}{466, 367, 85, 166, 2, 7}{341, 441, 109, 243, 2, 8}
{880, 154, 37, 85, 2, 1}{859, 179, 42, 115, 2, 2}{770, 199, 45, 133, 2, 3}{735, 228, 50, 92, 2, 4}{677, 265, 54, 120, 2, 5}{546, 310, 62, 131, 2, 6}{460, 366, 85, 166, 2, 7}{340, 438, 109, 243, 2, 8}
{880, 154, 37, 85, 2, 1}{859, 179, 42, 115, 2, 2}{779, 202, 45, 133, 2, 3}{735, 228, 50, 92, 2, 4}{677, 269, 54, 120, 2, 5}{561, 312, 62, 131, 2, 6}{456, 365, 85, 166, 2, 7}{343, 435, 109, 243, 2, 8}
{892, 157, 37, 85, 2, 1}{863, 180, 46, 100, 2, 2}{789, 203, 47, 118, 2, 3}{735, 228, 50, 92, 2, 4}{689, 271, 54, 120, 2, 5}{568, 316, 62, 131, 2, 6}{454, 366, 85, 166, 2, 7}{413, 458, 96, 184, 2, 8}
{900, 162, 40, 84, 2, 1}{863, 180, 46, 100, 2, 2}{789, 203, 47, 118, 2, 3}{738, 231, 50, 92, 2, 4}{715, 283, 54, 131, 2, 5}{561, 314, 63, 128, 2, 6}{458, 367, 85, 166, 2, 7}{413, 458, 96, 184, 2, 8}
{900, 162, 40, 84, 2, 1}{866, 183, 46, 100, 2, 2}{796, 206, 47, 118, 2, 3}{738, 231, 50, 92, 2, 4}{715, 283, 54, 131, 2, 5}{561, 314, 63, 128, 2, 6}{458, 367, 85, 166, 2, 7}{417, 460, 96, 184, 2, 8}
{910, 165, 40, 84, 2, 1}{866, 190, 41, 102, 2, 2}{806, 212, 50, 111, 2, 3}{738, 240, 52, 97, 2, 4}{714, 283, 54, 131, 2, 5}{536, 314, 63, 142, 2, 6}{464, 370, 85, 166, 2, 7}{395, 456, 96, 184, 2, 8}
{921, 168, 40, 84, 2, 1}{866, 190, 41, 102, 2, 2}{806, 212, 50, 111, 2, 3}{738, 240, 52, 97, 2, 4}{715, 283, 54, 131, 2, 5}{536, 314, 63, 142, 2, 6}{476, 373, 85, 166, 2, 7}{358, 438, 120, 184, 2, 8}
{904, 172, 39, 105, 2, 1}{848, 191, 45, 122, 2, 2}{810, 214, 50, 111, 2, 3}{754, 251, 43, 104, 2, 4}{724, 285, 54, 131, 2, 5}{536, 315, 63, 142, 2, 6}{484, 376, 85, 166, 2, 7}{358, 438, 120, 184, 2, 8}
{904, 172, 39, 105, 2, 1}{848, 191, 45, 122, 2, 2}{788, 220, 40, 116, 2, 3}{754, 251, 43, 104, 2, 4}{710, 283, 50, 104, 2, 5}{532, 314, 63, 142, 2, 6}{488, 377, 85, 166, 2, 7}{358, 436, 120, 184, 2, 8}
{913, 175, 39, 105, 2, 1}{854, 194, 45, 122, 2, 2}{788, 220, 40, 116, 2, 3}{755, 251, 43, 104, 2, 4}{710, 283, 50, 104, 2, 5}{532, 317, 63, 142, 2, 6}{492, 378, 85, 166, 2, 7}{346, 434, 120, 184, 2, 8}
{915, 184, 41, 102, 2, 1}{873, 202, 39, 108, 2, 2}{794, 218, 53, 105, 2, 3}{749, 253, 45, 90, 2, 4}{685, 282, 53, 108, 2, 5}{538, 316, 63, 142, 2, 6}{480, 371, 85, 166, 2, 7}{342, 434, 120, 184, 2, 8}
{915, 184, 41, 102, 2, 1}{873, 202, 39, 108, 2, 2}{794, 218, 53, 105, 2, 3}{749, 253, 45, 90, 2, 4}{685, 282, 53, 108, 2, 5}{546, 319, 63, 142, 2, 6}{486, 376, 85, 166, 2, 7}{348, 436, 120, 184, 2, 8}
{924, 187, 41, 102, 2, 1}{880, 204, 39, 108, 2, 2}{803, 220, 53, 105, 2, 3}{747, 251, 53, 112, 2, 4}{689, 285, 53, 108, 2, 5}{552, 320, 63, 142, 2, 6}{460, 379, 79, 145, 2, 7}{362, 442, 120, 184, 2, 8}
{928, 182, 43, 94, 2, 1}{891, 207, 41, 107, 2, 2}{809, 227, 46, 121, 2, 3}{747, 251, 53, 112, 2, 4}{692, 287, 53, 108, 2, 5}{552, 321, 63, 142, 2, 6}{460, 379, 79, 145, 2, 7}{368, 442, 120, 184, 2, 8}
{928, 182, 43, 94, 2, 1}{891, 207, 41, 107, 2, 2}{809, 227, 46, 121, 2, 3}{749, 252, 53, 112, 2, 4}{692, 288, 51, 125, 2, 5}{564, 322, 63, 142, 2, 6}{457, 378, 79, 145, 2, 7}{366, 442, 120, 184, 2, 8}
{935, 184, 43, 94, 2, 1}{895, 209, 41, 107, 2, 2}{816, 229, 46, 121, 2, 3}{753, 253, 53, 112, 2, 4}{692, 288, 51, 125, 2, 5}{536, 318, 63, 115, 2, 6}{460, 379, 79, 145, 2, 7}{364, 438, 120, 184, 2, 8}
{944, 186, 44, 83, 2, 1}{903, 209, 40, 90, 2, 2}{823, 231, 46, 121, 2, 3}{754, 258, 51, 92, 2, 4}{700, 289, 51, 125, 2, 5}{536, 318, 63, 115, 2, 6}{463, 380, 79, 145, 2, 7}{368, 434, 120, 184, 2, 8}
{944, 186, 44, 83, 2, 1}{903, 209, 40, 90, 2, 2}{824, 231, 53, 107, 2, 3}{754, 258, 51, 92, 2, 4}{709, 290, 51, 125, 2, 5}{537, 317, 63, 115, 2, 6}{466, 381, 79, 145, 2, 7}{352, 432, 120, 184, 2, 8}
{954, 188, 44, 83, 2, 1}{907, 218, 36, 95, 2, 2}{824, 231, 53, 107, 2, 3}{769, 263, 46, 74, 2, 4}{724, 297, 50, 106, 2, 5}{534, 316, 63, 115, 2, 6}{473, 382, 79, 145, 2, 7}{344, 426, 120, 184, 2, 8}
{964, 190, 44, 83, 2, 1}{907, 218, 36, 95, 2, 2}{830, 232, 53, 107, 2, 3}{769, 263, 46, 74, 2, 4}{724, 297, 50, 106, 2, 5}{531, 317, 63, 115, 2, 6}{473, 382, 79, 145, 2, 7}{340, 424, 120, 184, 2, 8}
{973, 193, 44, 83, 2, 1}{914, 220, 36, 95, 2, 2}{821, 238, 40, 95, 2, 3}{769, 263, 46, 74, 2, 4}{717, 291, 54, 107, 2, 5}{534, 316, 63, 115, 2, 6}{478, 383, 79, 145, 2, 7}{330, 420, 120, 184, 2, 8}
{949, 198, 37, 92, 2, 1}{893, 214, 42, 108, 2, 2}{821, 238, 40, 95, 2, 3}{768, 265, 46, 74, 2, 4}{717, 291, 54, 107, 2, 5}{539, 319, 63, 115, 2, 6}{475, 382, 79, 145, 2, 7}{320, 412, 120, 184, 2, 8}
{949, 198, 37, 92, 2, 1}{893, 214, 42, 108, 2, 2}{826, 240, 40, 95, 2, 3}{751, 261, 50, 89, 2, 4}{692, 296, 52, 119, 2, 5}{544, 320, 63, 115, 2, 6}{482, 381, 79, 145, 2, 7}{318, 410, 120, 184, 2, 8}
{955, 200, 37, 92, 2, 1}{897, 215, 42, 108, 2, 2}{821, 236, 47, 102, 2, 3}{751, 261, 50, 89, 2, 4}{692, 296, 52, 119, 2, 5}{545, 321, 63, 115, 2, 6}{479, 380, 79, 145, 2, 7}{320, 412, 120, 184, 2, 8}
{963, 202, 37, 92, 2, 1}{903, 217, 42, 108, 2, 2}{821, 236, 47, 102, 2, 3}{748, 262, 52, 100, 2, 4}{695, 297, 52, 119, 2, 5}{544, 320, 63, 115, 2, 6}{465, 373, 80, 136, 2, 7}{326, 414, 120, 184, 2, 8}
{971, 204, 37, 92, 2, 1}{909, 225, 34, 95, 2, 2}{828, 238, 47, 102, 2, 3}{748, 262, 52, 100, 2, 4}{696, 297, 52, 110, 2, 5}{539, 321, 63, 115, 2, 6}{465, 373, 80, 136, 2, 7}{326, 414, 120, 184, 2, 8}
{964, 204, 36, 84, 2, 1}{909, 225, 34, 95, 2, 2}{831, 239, 47, 102, 2, 3}{746, 267, 46, 100, 2, 4}{696, 297, 52, 110, 2, 5}{534, 318, 63, 115, 2, 6}{459, 371, 80, 136, 2, 7}{324, 410, 120, 184, 2, 8}
{964, 204, 36, 84, 2, 1}{916, 227, 34, 95, 2, 2}{826, 245, 41, 117, 2, 3}{746, 267, 46, 100, 2, 4}{701, 298, 52, 110, 2, 5}{531, 319, 63, 115, 2, 6}{447, 367, 80, 136, 2, 7}{320, 406, 120, 184, 2, 8}
{970, 206, 36, 84, 2, 1}{924, 231, 32, 83, 2, 2}{826, 245, 41, 117, 2, 3}{752, 269, 46, 100, 2, 4}{704, 305, 51, 124, 2, 5}{522, 316, 63, 115, 2, 6}{447, 367, 80, 136, 2, 7}{316, 402, 120, 184, 2, 8}
{950, 208, 41, 96, 2, 1}{924, 231, 32, 83, 2, 2}{832, 248, 41, 117, 2, 3}{752, 269, 46, 100, 2, 4}{704, 305, 51, 124, 2, 5}{521, 317, 63, 115, 2, 6}{449, 367, 80, 136, 2, 7}{312, 398, 120, 184, 2, 8}
{950, 208, 41, 96, 2, 1}{919, 228, 38, 80, 2, 2}{835, 249, 39, 86, 2, 3}{758, 270, 46, 100, 2, 4}{709, 306, 51, 124, 2, 5}{522, 318, 63, 115, 2, 6}{453, 369, 80, 136, 2, 7}{302, 398, 120, 184, 2, 8}
{952, 209, 41, 96, 2, 1}{919, 228, 38, 80, 2, 2}{835, 249, 39, 86, 2, 3}{758, 270, 46, 100, 2, 4}{710, 304, 48, 93, 2, 5}{527, 319, 63, 115, 2, 6}{449, 369, 80, 136, 2, 7}{296, 398, 120, 184, 2, 8}
{956, 210, 41, 88, 2, 1}{924, 230, 38, 80, 2, 2}{825, 249, 46, 97, 2, 3}{758, 270, 46, 100, 2, 4}{710, 304, 48, 93, 2, 5}{530, 318, 63, 115, 2, 6}{447, 369, 80, 136, 2, 7}{294, 398, 120, 184, 2, 8}
{956, 210, 41, 88, 2, 1}{900, 232, 38, 100, 2, 2}{825, 249, 46, 97, 2, 3}{737, 271, 50, 92, 2, 4}{690, 301, 47, 99, 2, 5}{533, 321, 63, 115, 2, 6}{455, 371, 80, 136, 2, 7}{290, 396, 120, 184, 2, 8}
{962, 211, 41, 88, 2, 1}{900, 232, 38, 100, 2, 2}{815, 247, 50, 92, 2, 3}{737, 271, 50, 92, 2, 4}{690, 301, 47, 99, 2, 5}{534, 320, 63, 115, 2, 6}{459, 369, 80, 136, 2, 7}{290, 396, 120, 184, 2, 8}
{970, 214, 41, 88, 2, 1}{903, 234, 38, 100, 2, 2}{815, 247, 50, 92, 2, 3}{739, 272, 50, 92, 2, 4}{687, 298, 53, 98, 2, 5}{535, 321, 63, 115, 2, 6}{461, 371, 80, 136, 2, 7}{292, 398, 120, 184, 2, 8}
{977, 215, 41, 88, 2, 1}{921, 238, 37, 73, 2, 2}{819, 248, 50, 92, 2, 3}{739, 272, 50, 92, 2, 4}{687, 298, 53, 98, 2, 5}{530, 320, 63, 115, 2, 6}{459, 371, 80, 136, 2, 7}{294, 398, 120, 184, 2, 8}
{984, 218, 41, 88, 2, 1}{921, 238, 37, 73, 2, 2}{826, 253, 44, 85, 2, 3}{743, 274, 50, 92, 2, 4}{689, 299, 53, 98, 2, 5}{525, 319, 63, 115, 2, 6}{455, 369, 80, 136, 2, 7}{294, 398, 120, 184, 2, 8}
{992, 219, 41, 88, 2, 1}{925, 238, 37, 73, 2, 2}{826, 253, 44, 85, 2, 3}{752, 275, 50, 92, 2, 4}{685, 305, 47, 95, 2, 5}{512, 316, 63, 115, 2, 6}{449, 369, 80, 136, 2, 7}{296, 396, 120, 184, 2, 8}
{962, 216, 42, 87, 2, 1}{922, 241, 34, 77, 2, 2}{829, 254, 44, 85, 2, 3}{752, 275, 50, 92, 2, 4}{685, 305, 47, 95, 2, 5}{507, 315, 63, 115, 2, 6}{435, 363, 80, 136, 2, 7}{300, 396, 120, 184, 2, 8}
{962, 216, 42, 87, 2, 1}{922, 241, 34, 77, 2, 2}{835, 257, 41, 104, 2, 3}{752, 274, 50, 92, 2, 4}{690, 306, 47, 95, 2, 5}{506, 314, 63, 115, 2, 6}{431, 359, 80, 136, 2, 7}{302, 396, 120, 184, 2, 8}
{970, 217, 42, 87, 2, 1}{924, 242, 34, 77, 2, 2}{835, 257, 41, 104, 2, 3}{752, 274, 50, 92, 2, 4}{700, 309, 47, 95, 2, 5}{513, 315, 63, 115, 2, 6}{429, 357, 80, 136, 2, 7}{330, 410, 84, 103, 2, 8}
{977, 219, 42, 87, 2, 1}{934, 244, 34, 81, 2, 2}{839, 256, 49, 96, 2, 3}{753, 274, 50, 92, 2, 4}{703, 309, 44, 84, 2, 5}{522, 316, 63, 115, 2, 6}{433, 359, 80, 136, 2, 7}{330, 410, 84, 103, 2, 8}
{983, 220, 42, 87, 2, 1}{934, 244, 34, 81, 2, 2}{839, 256, 49, 96, 2, 3}{748, 274, 50, 92, 2, 4}{703, 309, 44, 84, 2, 5}{525, 317, 63, 115, 2, 6}{437, 357, 80, 136, 2, 7}{331, 410, 84, 103, 2, 8}
{970, 225, 38, 90, 2, 1}{917, 241, 38, 95, 2, 2}{824, 255, 51, 106, 2, 3}{748, 274, 50, 92, 2, 4}{708, 310, 44, 84, 2, 5}{528, 316, 63, 115, 2, 6}{437, 357, 80, 136, 2, 7}{330, 410, 84, 103, 2, 8}
{970, 225, 38, 90, 2, 1}{917, 241, 38, 95, 2, 2}{824, 255, 51, 106, 2, 3}{748, 274, 50, 92, 2, 4}{694, 306, 47, 81, 2, 5}{531, 317, 63, 115, 2, 6}{439, 357, 80, 136, 2, 7}{325, 410, 84, 103, 2, 8}
{974, 226, 38, 90, 2, 1}{920, 241, 38, 95, 2, 2}{823, 253, 48, 87, 2, 3}{748, 274, 50, 92, 2, 4}{694, 306, 47, 81, 2, 5}{530, 316, 63, 115, 2, 6}{437, 357, 80, 136, 2, 7}{312, 406, 84, 103, 2, 8}
{981, 228, 38, 90, 2, 1}{909, 240, 36, 86, 2, 2}{823, 253, 48, 87, 2, 3}{750, 275, 50, 92, 2, 4}{676, 301, 52, 91, 2, 5}{506, 310, 61, 112, 2, 6}{435, 355, 80, 136, 2, 7}{311, 402, 84, 103, 2, 8}
{989, 229, 38, 90, 2, 1}{909, 240, 36, 86, 2, 2}{825, 253, 48, 87, 2, 3}{755, 277, 50, 92, 2, 4}{676, 301, 52, 91, 2, 5}{506, 310, 61, 112, 2, 6}{443, 355, 80, 136, 2, 7}{308, 400, 84, 103, 2, 8}
{979, 229, 35, 83, 2, 1}{907, 246, 39, 92, 2, 2}{824, 263, 39, 88, 2, 3}{755, 277, 50, 92, 2, 4}{678, 301, 52, 91, 2, 5}{502, 307, 61, 112, 2, 6}{443, 353, 80, 136, 2, 7}{307, 398, 84, 103, 2, 8}
{979, 229, 35, 83, 2, 1}{907, 246, 39, 92, 2, 2}{824, 263, 39, 88, 2, 3}{760, 278, 50, 92, 2, 4}{685, 304, 45, 83, 2, 5}{502, 308, 61, 112, 2, 6}{443, 353, 80, 136, 2, 7}{306, 396, 84, 103, 2, 8}
{989, 232, 35, 83, 2, 1}{909, 247, 39, 92, 2, 2}{830, 264, 39, 88, 2, 3}{745, 278, 45, 80, 2, 4}{685, 304, 45, 83, 2, 5}{502, 307, 61, 112, 2, 6}{443, 353, 80, 136, 2, 7}{307, 396, 84, 103, 2, 8}
{994, 233, 35, 83, 2, 1}{924, 244, 41, 75, 2, 2}{839, 260, 43, 74, 2, 3}{745, 278, 45, 80, 2, 4}{689, 305, 45, 83, 2, 5}{506, 308, 61, 112, 2, 6}{441, 353, 80, 136, 2, 7}{308, 396, 84, 103, 2, 8}
{1001, 234, 35, 83, 2, 1}{924, 244, 41, 75, 2, 2}{839, 260, 43, 74, 2, 3}{745, 278, 45, 80, 2, 4}{696, 308, 45, 79, 2, 5}{512, 309, 61, 112, 2, 6}{441, 351, 80, 136, 2, 7}{309, 394, 84, 103, 2, 8}
{1006, 236, 35, 83, 2, 1}{937, 251, 37, 70, 2, 2}{839, 260, 43, 74, 2, 3}{745, 278, 45, 80, 2, 4}{696, 308, 45, 79, 2, 5}{518, 310, 61, 112, 2, 6}{439, 347, 80, 136, 2, 7}{310, 392, 84, 103, 2, 8}
{973, 232, 41, 92, 2, 1}{937, 251, 37, 70, 2, 2}{832, 257, 48, 81, 2, 3}{747, 278, 45, 80, 2, 4}{701, 309, 45, 79, 2, 5}{522, 311, 61, 112, 2, 6}{439, 345, 80, 136, 2, 7}{313, 390, 84, 103, 2, 8}
{973, 232, 41, 92, 2, 1}{941, 251, 37, 70, 2, 2}{832, 257, 48, 81, 2, 3}{747, 278, 45, 80, 2, 4}{704, 310, 45, 79, 2, 5}{528, 312, 61, 112, 2, 6}{443, 345, 80, 136, 2, 7}{312, 388, 84, 103, 2, 8}
{980, 232, 41, 92, 2, 1}{930, 250, 35, 78, 2, 2}{835, 257, 48, 81, 2, 3}{747, 278, 45, 80, 2, 4}{693, 299, 50, 88, 2, 5}{528, 309, 61, 112, 2, 6}{443, 345, 80, 136, 2, 7}{315, 388, 84, 103, 2, 8}
{988, 233, 41, 92, 2, 1}{930, 250, 35, 78, 2, 2}{821, 255, 45, 82, 2, 3}{747, 274, 48, 75, 2, 4}{693, 299, 50, 88, 2, 5}{509, 310, 51, 106, 2, 6}{447, 345, 80, 136, 2, 7}{314, 384, 84, 103, 2, 8}
{996, 235, 41, 92, 2, 1}{924, 246, 37, 67, 2, 2}{821, 255, 45, 82, 2, 3}{747, 274, 48, 75, 2, 4}{699, 299, 50, 88, 2, 5}{509, 310, 51, 106, 2, 6}{455, 343, 80, 136, 2, 7}{314, 384, 84, 103, 2, 8}
{992, 232, 36, 66, 2, 1}{924, 246, 37, 67, 2, 2}{825, 255, 45, 82, 2, 3}{753, 274, 48, 75, 2, 4}{683, 300, 43, 82, 2, 5}{511, 309, 51, 106, 2, 6}{459, 341, 80, 136, 2, 7}{317, 382, 84, 103, 2, 8}
{992, 232, 36, 66, 2, 1}{928, 247, 37, 67, 2, 2}{824, 258, 44, 81, 2, 3}{753, 274, 48, 75, 2, 4}{683, 300, 43, 82, 2, 5}{512, 307, 51, 106, 2, 6}{461, 343, 80, 136, 2, 7}{320, 380, 84, 103, 2, 8}
{998, 232, 36, 66, 2, 1}{914, 245, 35, 85, 2, 2}{824, 258, 44, 81, 2, 3}{753, 272, 48, 75, 2, 4}{684, 300, 43, 82, 2, 5}{515, 299, 62, 95, 2, 6}{455, 349, 54, 76, 2, 7}{325, 380, 84, 103, 2, 8}
{985, 230, 34, 67, 2, 1}{914, 245, 35, 85, 2, 2}{828, 258, 44, 81, 2, 3}{753, 272, 48, 75, 2, 4}{682, 295, 45, 85, 2, 5}{515, 299, 62, 95, 2, 6}{455, 349, 54, 76, 2, 7}{330, 380, 84, 103, 2, 8}
{985, 230, 34, 67, 2, 1}{919, 245, 35, 85, 2, 2}{837, 263, 40, 95, 2, 3}{754, 271, 48, 75, 2, 4}{682, 295, 45, 85, 2, 5}{520, 299, 62, 95, 2, 6}{455, 349, 54, 76, 2, 7}{337, 380, 84, 103, 2, 8}
{990, 230, 35, 69, 2, 1}{921, 249, 34, 96, 2, 2}{837, 263, 40, 95, 2, 3}{754, 271, 48, 75, 2, 4}{687, 296, 45, 85, 2, 5}{527, 299, 62, 95, 2, 6}{457, 348, 54, 76, 2, 7}{337, 380, 84, 103, 2, 8}
{990, 230, 35, 69, 2, 1}{921, 249, 34, 96, 2, 2}{844, 264, 40, 95, 2, 3}{736, 270, 44, 80, 2, 4}{699, 302, 40, 75, 2, 5}{533, 300, 62, 95, 2, 6}{457, 348, 54, 76, 2, 7}{334, 366, 75, 87, 2, 8}
{995, 230, 35, 69, 2, 1}{926, 249, 34, 96, 2, 2}{851, 264, 40, 95, 2, 3}{736, 270, 44, 80, 2, 4}{699, 302, 40, 75, 2, 5}{538, 300, 62, 95, 2, 6}{459, 347, 54, 76, 2, 7}{334, 366, 75, 87, 2, 8}
{1003, 231, 35, 69, 2, 1}{931, 250, 34, 96, 2, 2}{844, 258, 39, 93, 2, 3}{739, 270, 44, 80, 2, 4}{698, 296, 43, 76, 2, 5}{516, 296, 52, 91, 2, 6}{464, 347, 54, 76, 2, 7}{337, 365, 75, 87, 2, 8}
{1010, 231, 35, 69, 2, 1}{939, 246, 37, 70, 2, 2}{844, 258, 39, 93, 2, 3}{739, 270, 44, 80, 2, 4}{698, 296, 43, 76, 2, 5}{516, 296, 52, 91, 2, 6}{464, 347, 54, 76, 2, 7}{340, 364, 75, 87, 2, 8}
{1016, 231, 35, 69, 2, 1}{939, 246, 37, 70, 2, 2}{829, 252, 40, 79, 2, 3}{744, 270, 44, 80, 2, 4}{703, 288, 50, 68, 2, 5}{523, 296, 49, 81, 2, 6}{470, 347, 54, 76, 2, 7}{314, 355, 72, 109, 2, 8}
{999, 235, 32, 74, 2, 1}{940, 240, 42, 60, 2, 2}{829, 252, 40, 79, 2, 3}{750, 270, 44, 80, 2, 4}{703, 288, 50, 68, 2, 5}{523, 296, 49, 81, 2, 6}{474, 346, 54, 76, 2, 7}{314, 355, 72, 109, 2, 8}
{999, 235, 32, 74, 2, 1}{940, 240, 42, 60, 2, 2}{833, 252, 40, 79, 2, 3}{750, 270, 44, 80, 2, 4}{706, 288, 50, 68, 2, 5}{527, 295, 49, 81, 2, 6}{474, 346, 54, 76, 2, 7}{321, 355, 72, 109, 2, 8}
{1004, 235, 32, 74, 2, 1}{946, 240, 42, 60, 2, 2}{832, 247, 44, 82, 2, 3}{753, 269, 44, 80, 2, 4}{684, 282, 53, 77, 2, 5}{524, 289, 58, 87, 2, 6}{467, 331, 51, 73, 2, 7}{326, 355, 72, 109, 2, 8}
{1003, 228, 34, 64, 2, 1}{933, 238, 46, 70, 2, 2}{832, 247, 44, 82, 2, 3}{764, 271, 44, 80, 2, 4}{684, 282, 53, 77, 2, 5}{524, 289, 58, 87, 2, 6}{467, 331, 51, 73, 2, 7}{331, 355, 72, 109, 2, 8}
{1003, 228, 34, 64, 2, 1}{933, 238, 46, 70, 2, 2}{837, 247, 44, 82, 2, 3}{763, 261, 45, 64, 2, 4}{687, 282, 53, 77, 2, 5}{529, 289, 58, 87, 2, 6}{468, 329, 51, 73, 2, 7}{338, 355, 72, 109, 2, 8}
{1008, 228, 34, 64, 2, 1}{935, 238, 46, 70, 2, 2}{841, 247, 44, 82, 2, 3}{763, 261, 45, 64, 2, 4}{692, 282, 53, 77, 2, 5}{533, 289, 58, 87, 2, 6}{468, 329, 51, 73, 2, 7}{341, 355, 72, 109, 2, 8}
{1012, 228, 34, 64, 2, 1}{940, 240, 43, 78, 2, 2}{844, 247, 44, 82, 2, 3}{750, 266, 38, 82, 2, 4}{688, 287, 45, 73, 2, 5}{535, 289, 58, 87, 2, 6}{451, 321, 54, 82, 2, 7}{346, 355, 72, 109, 2, 8}