#Header, frames per second, video resolution(hight width), total number of frames in video.
FPS: 29.97
RES: 720 1280
TNF: 696
Skip: 3
#Data x, y, h, w, c, and l always in this order, for each lane. Sorted in order.
{773, 139, 27, 81, 2, 1}{818, 155, 24, 90, 3, 2}{893, 199, 35, 128, 2, 4}{855, 236, 52, 211, 3, 5}{1071, 270, 60, 175, 2, 6}{1000, 354, 67, 278, 3, 7}{936, 476, 71, 344, 2, 8}
{777, 135, 32, 74, 2, 1}{809, 153, 27, 104, 2, 2}{915, 204, 28, 131, 2, 4}{868, 239, 41, 207, 3, 5}{1093, 270, 63, 174, 2, 6}{1014, 351, 63, 266, 3, 7}{965, 475, 75, 315, 2, 8}
{783, 134, 33, 80, 2, 1}{828, 151, 30, 111, 2, 2}{945, 199, 34, 121, 2, 4}{881, 245, 30, 181, 3, 5}{1114, 275, 55, 165, 2, 6}{1048, 346, 69, 232, 2, 7}{970, 475, 82, 310, 2, 8}
{778, 132, 34, 101, 2, 1}{831, 153, 28, 117, 2, 2}{912, 170, 28, 76, 2, 3}{0, 0, 0, 0, 2, 4}{862, 245, 31, 235, 2, 5}{1129, 266, 71, 146, 2, 6}{1079, 360, 79, 201, 2, 7}{1014, 465, 101, 266, 2, 8}
{751, 150, 25, 74, 2, 1}{717, 162, 36, 83, 2, 2}{661, 180, 40, 73, 2, 3}{573, 197, 47, 101, 2, 4}{472, 225, 45, 125, 2, 5}{426, 251, 45, 82, 2, 6}{249, 277, 43, 89, 2, 7}{73, 290, 49, 86, 2, 8}
{746, 148, 26, 75, 2, 1}{724, 162, 31, 75, 2, 2}{655, 182, 36, 79, 2, 3}{566, 203, 40, 104, 2, 4}{481, 223, 48, 111, 2, 5}{426, 247, 50, 80, 2, 6}{249, 273, 54, 91, 2, 7}{75, 289, 53, 105, 2, 8}
{741, 143, 30, 68, 2, 1}{728, 161, 31, 68, 2, 2}{646, 179, 36, 90, 2, 3}{570, 198, 42, 102, 2, 4}{468, 217, 47, 94, 2, 5}{425, 249, 44, 82, 2, 6}{244, 282, 43, 102, 2, 7}{69, 287, 57, 105, 2, 8}
{731, 141, 27, 78, 2, 1}{723, 160, 33, 68, 2, 2}{650, 179, 32, 88, 2, 3}{571, 197, 42, 103, 2, 4}{446, 223, 33, 118, 2, 5}{426, 254, 38, 110, 2, 6}{237, 270, 55, 111, 2, 7}{70, 294, 47, 101, 2, 8}
{739, 136, 28, 67, 2, 1}{720, 151, 35, 66, 2, 2}{646, 176, 34, 88, 2, 3}{567, 195, 41, 108, 2, 4}{452, 220, 35, 121, 2, 5}{411, 248, 48, 107, 2, 6}{241, 271, 49, 102, 2, 7}{72, 292, 48, 110, 2, 8}
{728, 131, 32, 86, 2, 1}{716, 152, 33, 70, 2, 2}{648, 174, 39, 83, 2, 3}{570, 197, 42, 108, 2, 4}{455, 217, 35, 115, 2, 5}{412, 249, 44, 97, 2, 6}{228, 269, 47, 118, 2, 7}{72, 293, 52, 113, 2, 8}
{724, 130, 38, 81, 2, 1}{713, 149, 39, 74, 2, 2}{640, 167, 41, 81, 2, 3}{574, 195, 40, 99, 2, 4}{455, 213, 40, 107, 2, 5}{412, 248, 50, 105, 2, 6}{230, 268, 51, 107, 2, 7}{60, 282, 62, 107, 2, 8}
{727, 134, 30, 84, 2, 1}{712, 154, 26, 73, 2, 2}{643, 168, 33, 73, 2, 3}{576, 196, 36, 95, 2, 4}{466, 211, 41, 97, 2, 5}{420, 244, 45, 82, 2, 6}{224, 262, 59, 107, 2, 7}{49, 265, 74, 104, 2, 8}
{733, 134, 32, 84, 2, 1}{706, 151, 33, 69, 2, 2}{641, 169, 36, 81, 2, 3}{573, 195, 36, 97, 2, 4}{466, 210, 40, 95, 2, 5}{409, 236, 52, 101, 2, 6}{223, 269, 51, 110, 2, 7}{49, 283, 48, 104, 2, 8}
{726, 130, 31, 89, 2, 1}{698, 150, 29, 77, 2, 2}{639, 168, 37, 83, 2, 3}{574, 187, 43, 84, 2, 4}{464, 213, 32, 86, 2, 5}{403, 240, 49, 102, 2, 6}{212, 263, 54, 126, 2, 7}{32, 275, 64, 117, 2, 8}
{718, 125, 36, 84, 2, 1}{697, 143, 31, 71, 2, 2}{637, 166, 31, 77, 2, 3}{572, 194, 34, 94, 2, 4}{449, 205, 43, 102, 2, 5}{398, 244, 44, 117, 2, 6}{219, 262, 55, 116, 2, 7}{35, 278, 56, 121, 2, 8}
{701, 121, 36, 95, 2, 1}{691, 142, 30, 67, 2, 2}{628, 160, 40, 90, 2, 3}{572, 190, 38, 93, 2, 4}{458, 211, 33, 101, 2, 5}{403, 240, 42, 106, 2, 6}{222, 265, 54, 112, 2, 7}{35, 273, 69, 101, 2, 8}
{691, 118, 30, 113, 2, 1}{684, 139, 35, 75, 2, 2}{635, 154, 42, 75, 2, 3}{567, 187, 41, 101, 2, 4}{460, 199, 40, 83, 2, 5}{388, 238, 41, 126, 2, 6}{214, 261, 59, 120, 2, 7}{33, 271, 63, 96, 2, 8}
{708, 116, 37, 99, 2, 1}{680, 142, 32, 81, 2, 2}{624, 163, 28, 85, 2, 3}{570, 188, 33, 106, 2, 4}{447, 203, 39, 103, 2, 5}{387, 234, 46, 122, 2, 6}{199, 257, 61, 142, 2, 7}{32, 268, 69, 109, 2, 8}
{715, 114, 35, 89, 2, 1}{695, 138, 29, 81, 2, 2}{632, 156, 34, 72, 2, 3}{568, 181, 40, 108, 2, 4}{464, 202, 44, 92, 2, 5}{392, 236, 44, 107, 2, 6}{209, 254, 61, 123, 2, 7}{21, 268, 68, 117, 2, 8}
{704, 112, 34, 109, 2, 1}{693, 134, 33, 73, 2, 2}{632, 158, 31, 84, 2, 3}{578, 175, 48, 89, 2, 4}{449, 197, 40, 106, 2, 5}{402, 229, 49, 96, 2, 6}{222, 255, 62, 100, 2, 7}{9, 261, 76, 135, 2, 8}
{698, 110, 30, 109, 2, 1}{695, 132, 35, 69, 2, 2}{619, 154, 32, 91, 2, 3}{576, 179, 42, 93, 2, 4}{451, 197, 40, 99, 2, 5}{406, 236, 38, 106, 2, 6}{218, 261, 52, 115, 2, 7}{16, 264, 72, 137, 2, 8}
{706, 102, 42, 94, 2, 1}{699, 134, 29, 74, 2, 2}{633, 147, 42, 93, 2, 3}{575, 174, 46, 86, 2, 4}{455, 196, 38, 100, 2, 5}{395, 233, 46, 122, 2, 6}{211, 266, 50, 127, 2, 7}{12, 267, 74, 141, 2, 8}
{703, 107, 29, 90, 2, 1}{694, 131, 32, 76, 2, 2}{633, 147, 42, 93, 2, 3}{564, 173, 44, 103, 2, 4}{460, 182, 49, 92, 2, 5}{397, 231, 47, 120, 2, 6}{203, 255, 55, 128, 2, 7}{15, 271, 67, 134, 2, 8}
{699, 106, 36, 106, 2, 1}{694, 124, 39, 71, 2, 2}{630, 145, 42, 93, 2, 3}{564, 173, 44, 103, 2, 4}{468, 181, 52, 93, 2, 5}{401, 232, 48, 111, 2, 6}{202, 253, 69, 130, 2, 7}{25, 276, 67, 118, 2, 8}
{701, 104, 32, 84, 2, 1}{690, 128, 30, 76, 2, 2}{620, 142, 39, 95, 2, 3}{560, 171, 44, 103, 2, 4}{474, 188, 38, 108, 2, 5}{414, 228, 46, 101, 2, 6}{215, 257, 58, 111, 2, 7}{26, 269, 67, 107, 2, 8}
{700, 96, 39, 97, 2, 1}{690, 122, 34, 74, 2, 2}{620, 142, 39, 95, 2, 3}{560, 171, 44, 103, 2, 4}{471, 187, 43, 98, 2, 5}{402, 231, 44, 110, 2, 6}{226, 260, 56, 99, 2, 7}{16, 265, 72, 118, 2, 8}
{703, 93, 37, 101, 2, 1}{690, 122, 34, 74, 2, 2}{618, 140, 39, 95, 2, 3}{578, 163, 48, 91, 2, 4}{469, 189, 43, 101, 2, 5}{401, 226, 51, 115, 2, 6}{224, 253, 59, 114, 2, 7}{17, 271, 68, 122, 2, 8}
{709, 96, 33, 85, 2, 1}{692, 119, 31, 79, 2, 2}{618, 137, 42, 110, 2, 3}{591, 169, 40, 92, 2, 4}{462, 187, 41, 113, 2, 5}{402, 227, 48, 123, 2, 6}{224, 246, 66, 122, 2, 7}{9, 269, 69, 134, 2, 8}
{717, 93, 38, 77, 2, 1}{692, 119, 31, 79, 2, 2}{618, 137, 42, 110, 2, 3}{578, 169, 38, 107, 2, 4}{467, 182, 41, 99, 2, 5}{394, 220, 48, 124, 2, 6}{238, 255, 62, 101, 2, 7}{11, 265, 78, 123, 2, 8}
{713, 96, 33, 76, 2, 1}{687, 118, 31, 79, 2, 2}{613, 136, 42, 110, 2, 3}{584, 162, 43, 103, 2, 4}{468, 186, 41, 105, 2, 5}{402, 229, 52, 121, 2, 6}{229, 261, 53, 124, 2, 7}{15, 266, 80, 108, 2, 8}
{695, 97, 34, 97, 2, 1}{680, 118, 31, 79, 2, 2}{608, 136, 42, 110, 2, 3}{570, 159, 50, 125, 2, 4}{463, 181, 43, 87, 2, 5}{401, 222, 51, 124, 2, 6}{230, 263, 56, 113, 2, 7}{12, 266, 78, 109, 2, 8}
{706, 97, 34, 111, 2, 1}{696, 115, 35, 68, 2, 2}{633, 136, 40, 88, 2, 3}{576, 167, 37, 109, 2, 4}{460, 180, 46, 102, 2, 5}{412, 227, 54, 108, 2, 6}{221, 260, 56, 128, 2, 7}{13, 264, 83, 131, 2, 8}
{724, 99, 35, 88, 2, 1}{696, 115, 35, 68, 2, 2}{633, 136, 40, 88, 2, 3}{577, 164, 47, 104, 2, 4}{472, 183, 48, 92, 2, 5}{409, 231, 45, 114, 2, 6}{237, 263, 50, 109, 2, 7}{6, 268, 78, 138, 2, 8}
{713, 98, 30, 92, 2, 1}{693, 115, 35, 68, 2, 2}{638, 137, 40, 88, 2, 3}{581, 169, 42, 123, 2, 4}{467, 185, 43, 105, 2, 5}{416, 235, 44, 126, 2, 6}{229, 258, 57, 123, 2, 7}{15, 279, 81, 142, 2, 8}
{709, 96, 36, 107, 2, 1}{693, 121, 26, 75, 2, 2}{648, 146, 34, 83, 2, 3}{585, 165, 48, 120, 2, 4}{460, 183, 41, 106, 2, 5}{421, 234, 51, 108, 2, 6}{236, 254, 69, 109, 2, 7}{27, 292, 64, 136, 2, 8}
{705, 98, 31, 97, 2, 1}{693, 121, 26, 75, 2, 2}{648, 146, 34, 83, 2, 3}{587, 170, 43, 108, 2, 4}{471, 188, 46, 94, 2, 5}{424, 236, 44, 123, 2, 6}{216, 262, 59, 141, 2, 7}{16, 292, 66, 132, 2, 8}
{711, 95, 36, 86, 2, 1}{690, 121, 26, 75, 2, 2}{648, 146, 34, 83, 2, 3}{589, 167, 46, 112, 2, 4}{460, 189, 47, 115, 2, 5}{429, 238, 52, 114, 2, 6}{225, 263, 60, 136, 2, 7}{23, 305, 52, 130, 2, 8}
{716, 97, 37, 87, 2, 1}{706, 118, 30, 67, 2, 2}{648, 146, 34, 83, 2, 3}{583, 171, 40, 111, 2, 4}{464, 187, 41, 108, 2, 5}{429, 237, 50, 108, 2, 6}{252, 269, 55, 114, 2, 7}{17, 293, 67, 126, 2, 8}
{714, 97, 32, 78, 2, 1}{706, 118, 30, 67, 2, 2}{630, 144, 35, 84, 2, 3}{583, 162, 53, 112, 2, 4}{480, 178, 58, 84, 2, 5}{441, 237, 49, 103, 2, 6}{242, 269, 55, 126, 2, 7}{28, 299, 64, 116, 2, 8}
{700, 97, 38, 99, 2, 1}{705, 118, 30, 67, 2, 2}{630, 144, 35, 84, 2, 3}{584, 167, 42, 114, 2, 4}{469, 176, 63, 118, 2, 5}{436, 235, 55, 108, 2, 6}{250, 266, 65, 115, 2, 7}{20, 298, 58, 124, 2, 8}
{700, 92, 36, 97, 2, 1}{698, 120, 32, 66, 2, 2}{639, 141, 35, 93, 2, 3}{584, 164, 48, 114, 2, 4}{481, 185, 48, 91, 2, 5}{435, 240, 51, 127, 2, 6}{242, 252, 81, 109, 2, 7}{21, 307, 57, 120, 2, 8}
{705, 92, 39, 85, 2, 1}{698, 120, 32, 66, 2, 2}{639, 141, 35, 93, 2, 3}{583, 160, 56, 125, 2, 4}{479, 188, 50, 109, 2, 5}{432, 240, 50, 126, 2, 6}{233, 270, 60, 136, 2, 7}{14, 306, 61, 121, 2, 8}
{711, 94, 36, 69, 2, 1}{697, 118, 32, 66, 2, 2}{635, 140, 35, 93, 2, 3}{598, 172, 46, 115, 2, 4}{470, 189, 50, 114, 2, 5}{434, 235, 56, 130, 2, 6}{238, 268, 65, 145, 2, 7}{20, 306, 68, 119, 2, 8}
{702, 91, 37, 84, 2, 1}{696, 118, 32, 66, 2, 2}{638, 140, 40, 107, 2, 3}{595, 168, 42, 118, 2, 4}{468, 189, 48, 112, 2, 5}{442, 240, 59, 125, 2, 6}{232, 277, 58, 156, 2, 7}{8, 308, 55, 134, 2, 8}
{704, 91, 35, 92, 2, 1}{692, 115, 32, 74, 2, 2}{638, 140, 40, 107, 2, 3}{617, 166, 50, 90, 2, 4}{474, 193, 42, 102, 2, 5}{435, 237, 52, 134, 2, 6}{254, 267, 69, 135, 2, 7}{6, 294, 75, 133, 2, 8}
{701, 93, 36, 100, 2, 1}{692, 115, 32, 74, 2, 2}{635, 140, 40, 107, 2, 3}{619, 169, 46, 88, 2, 4}{467, 188, 43, 103, 2, 5}{440, 234, 50, 118, 2, 6}{254, 270, 70, 149, 2, 7}{10, 307, 71, 133, 2, 8}
{702, 93, 35, 109, 2, 1}{688, 115, 32, 74, 2, 2}{634, 139, 40, 107, 2, 3}{619, 173, 40, 114, 2, 4}{470, 186, 52, 111, 2, 5}{440, 234, 50, 118, 2, 6}{242, 279, 63, 166, 2, 7}{6, 311, 71, 162, 2, 8}
{702, 93, 35, 109, 2, 1}{691, 118, 31, 77, 2, 2}{648, 141, 38, 89, 2, 3}{617, 176, 42, 108, 2, 4}{479, 184, 52, 99, 2, 5}{451, 238, 52, 131, 2, 6}{257, 274, 61, 125, 2, 7}{13, 321, 57, 167, 2, 8}
{696, 93, 35, 109, 2, 1}{691, 118, 31, 77, 2, 2}{648, 141, 38, 89, 2, 3}{619, 175, 41, 99, 2, 4}{484, 189, 53, 106, 2, 5}{451, 238, 52, 131, 2, 6}{256, 274, 65, 126, 2, 7}{17, 321, 68, 165, 2, 8}
{690, 93, 35, 109, 2, 1}{687, 118, 31, 77, 2, 2}{644, 141, 38, 89, 2, 3}{617, 167, 56, 103, 2, 4}{484, 197, 43, 99, 2, 5}{450, 238, 52, 131, 2, 6}{252, 283, 59, 148, 2, 7}{14, 330, 62, 161, 2, 8}
{684, 93, 35, 109, 2, 1}{699, 115, 35, 65, 2, 2}{643, 146, 34, 102, 2, 3}{614, 169, 53, 103, 2, 4}{484, 191, 53, 110, 2, 5}{449, 240, 52, 131, 2, 6}{254, 281, 68, 150, 2, 7}{32, 326, 59, 125, 2, 8}
{680, 93, 35, 109, 2, 1}{699, 115, 35, 65, 2, 2}{643, 146, 34, 102, 2, 3}{620, 170, 51, 96, 2, 4}{489, 198, 50, 96, 2, 5}{473, 252, 45, 112, 2, 6}{257, 297, 53, 147, 2, 7}{42, 311, 79, 117, 2, 8}
{676, 93, 35, 109, 2, 1}{690, 116, 42, 80, 2, 2}{641, 146, 34, 102, 2, 3}{624, 178, 43, 106, 2, 4}{492, 198, 43, 105, 2, 5}{483, 244, 54, 93, 2, 6}{245, 295, 57, 163, 2, 7}{36, 321, 66, 117, 2, 8}
{700, 94, 33, 127, 2, 1}{690, 116, 42, 80, 2, 2}{651, 142, 40, 90, 2, 3}{628, 178, 45, 100, 2, 4}{496, 187, 64, 97, 2, 5}{483, 244, 54, 93, 2, 6}{268, 288, 68, 131, 2, 7}{49, 336, 62, 123, 2, 8}
{700, 94, 33, 127, 2, 1}{700, 123, 32, 78, 2, 2}{651, 142, 40, 90, 2, 3}{631, 177, 45, 99, 2, 4}{502, 190, 60, 103, 2, 5}{480, 251, 46, 127, 2, 6}{265, 282, 78, 143, 2, 7}{50, 335, 63, 128, 2, 8}
{696, 94, 33, 127, 2, 1}{700, 123, 32, 78, 2, 2}{649, 142, 40, 90, 2, 3}{619, 179, 46, 114, 2, 4}{498, 191, 56, 114, 2, 5}{499, 251, 56, 107, 2, 6}{284, 291, 71, 134, 2, 7}{59, 338, 59, 113, 2, 8}
{692, 93, 33, 127, 2, 1}{698, 123, 32, 78, 2, 2}{659, 146, 42, 95, 2, 3}{629, 179, 44, 106, 2, 4}{505, 198, 50, 113, 2, 5}{499, 251, 56, 107, 2, 6}{277, 295, 64, 151, 2, 7}{54, 338, 59, 108, 2, 8}
{716, 101, 33, 107, 2, 1}{708, 121, 31, 72, 2, 2}{659, 146, 42, 95, 2, 3}{633, 176, 44, 108, 2, 4}{506, 200, 53, 120, 2, 5}{497, 252, 56, 107, 2, 6}{289, 303, 66, 153, 2, 7}{59, 334, 79, 104, 2, 8}
{716, 101, 33, 107, 2, 1}{708, 121, 31, 72, 2, 2}{655, 146, 42, 95, 2, 3}{631, 178, 43, 100, 2, 4}{502, 200, 55, 120, 2, 5}{500, 254, 54, 126, 2, 6}{286, 301, 68, 165, 2, 7}{67, 325, 90, 111, 2, 8}
{734, 104, 29, 84, 2, 1}{706, 121, 31, 72, 2, 2}{658, 143, 43, 105, 2, 3}{635, 184, 42, 109, 2, 4}{512, 196, 55, 116, 2, 5}{500, 254, 54, 126, 2, 6}{303, 304, 67, 134, 2, 7}{49, 335, 78, 145, 2, 8}
{734, 104, 29, 84, 2, 1}{709, 120, 36, 76, 2, 2}{658, 143, 43, 105, 2, 3}{637, 188, 40, 126, 2, 4}{509, 199, 65, 110, 2, 5}{502, 254, 54, 126, 2, 6}{291, 299, 58, 128, 2, 7}{60, 344, 80, 156, 2, 8}
{734, 104, 29, 84, 2, 1}{709, 120, 36, 76, 2, 2}{658, 143, 43, 105, 2, 3}{649, 184, 45, 113, 2, 4}{514, 208, 54, 116, 2, 5}{508, 256, 54, 126, 2, 6}{297, 298, 65, 136, 2, 7}{72, 360, 65, 149, 2, 8}
{731, 104, 37, 86, 2, 1}{707, 120, 37, 77, 2, 2}{668, 148, 46, 106, 2, 3}{647, 182, 47, 109, 2, 4}{525, 198, 63, 113, 2, 5}{518, 260, 54, 126, 2, 6}{289, 300, 61, 159, 2, 7}{78, 348, 87, 152, 2, 8}
{731, 104, 37, 86, 2, 1}{707, 120, 37, 77, 2, 2}{668, 148, 46, 106, 2, 3}{642, 184, 43, 121, 2, 4}{518, 196, 72, 121, 2, 5}{522, 262, 54, 126, 2, 6}{312, 308, 63, 147, 2, 7}{84, 350, 86, 146, 2, 8}
{731, 96, 42, 90, 2, 1}{707, 122, 40, 76, 2, 2}{682, 151, 38, 87, 2, 3}{658, 183, 49, 109, 2, 4}{524, 205, 61, 137, 2, 5}{528, 264, 54, 126, 2, 6}{311, 315, 59, 153, 2, 7}{89, 352, 84, 122, 2, 8}
{731, 96, 42, 90, 2, 1}{707, 122, 40, 76, 2, 2}{682, 151, 38, 87, 2, 3}{650, 182, 45, 120, 2, 4}{543, 205, 61, 110, 2, 5}{526, 264, 54, 126, 2, 6}{306, 310, 67, 147, 2, 7}{94, 346, 93, 118, 2, 8}
{726, 96, 42, 90, 2, 1}{709, 121, 43, 89, 2, 2}{680, 151, 38, 87, 2, 3}{648, 177, 57, 128, 2, 4}{523, 205, 56, 137, 2, 5}{518, 264, 54, 126, 2, 6}{314, 317, 59, 163, 2, 7}{101, 347, 92, 136, 2, 8}
{754, 107, 32, 86, 2, 1}{709, 121, 43, 89, 2, 2}{690, 153, 40, 93, 2, 3}{662, 188, 54, 131, 2, 4}{525, 211, 58, 141, 2, 5}{526, 268, 54, 126, 2, 6}{325, 314, 68, 145, 2, 7}{96, 367, 79, 139, 2, 8}
{754, 107, 32, 86, 2, 1}{709, 122, 36, 79, 2, 2}{690, 153, 40, 93, 2, 3}{658, 189, 43, 144, 2, 4}{529, 206, 59, 130, 2, 5}{533, 266, 57, 142, 2, 6}{342, 310, 74, 131, 2, 7}{105, 371, 79, 129, 2, 8}
{750, 107, 32, 86, 2, 1}{709, 122, 36, 79, 2, 2}{683, 147, 47, 94, 2, 3}{667, 184, 53, 122, 2, 4}{524, 195, 70, 133, 2, 5}{533, 266, 57, 142, 2, 6}{353, 305, 77, 127, 2, 7}{106, 371, 74, 125, 2, 8}
{745, 107, 32, 86, 2, 1}{708, 124, 37, 90, 2, 2}{683, 147, 47, 94, 2, 3}{673, 190, 50, 102, 2, 4}{553, 207, 62, 119, 2, 5}{535, 267, 57, 142, 2, 6}{340, 322, 68, 160, 2, 7}{122, 384, 67, 100, 2, 8}
{739, 107, 32, 86, 2, 1}{708, 124, 37, 90, 2, 2}{690, 154, 38, 108, 2, 3}{660, 196, 39, 128, 2, 4}{535, 205, 63, 150, 2, 5}{535, 272, 57, 142, 2, 6}{345, 328, 61, 169, 2, 7}{128, 377, 84, 97, 2, 8}
{744, 99, 39, 94, 2, 1}{714, 123, 37, 83, 2, 2}{690, 154, 38, 108, 2, 3}{693, 195, 45, 115, 2, 4}{533, 213, 59, 137, 2, 5}{519, 269, 57, 142, 2, 6}{349, 332, 60, 155, 2, 7}{136, 375, 84, 117, 2, 8}
{744, 99, 39, 94, 2, 1}{714, 123, 37, 83, 2, 2}{688, 154, 38, 108, 2, 3}{694, 200, 35, 112, 2, 4}{545, 214, 58, 138, 2, 5}{560, 278, 53, 137, 2, 6}{354, 332, 67, 142, 2, 7}{141, 385, 87, 124, 2, 8}
{740, 99, 39, 94, 2, 1}{711, 123, 37, 83, 2, 2}{689, 152, 46, 102, 2, 3}{691, 201, 40, 124, 2, 4}{557, 213, 54, 138, 2, 5}{560, 278, 53, 137, 2, 6}{360, 335, 59, 170, 2, 7}{148, 396, 75, 144, 2, 8}
{743, 108, 32, 93, 2, 1}{720, 131, 33, 79, 2, 2}{689, 152, 46, 102, 2, 3}{688, 204, 34, 125, 2, 4}{562, 215, 62, 132, 2, 5}{565, 279, 53, 137, 2, 6}{359, 335, 65, 177, 2, 7}{157, 400, 75, 149, 2, 8}
{743, 108, 32, 93, 2, 1}{720, 131, 33, 79, 2, 2}{696, 149, 47, 103, 2, 3}{693, 200, 38, 120, 2, 4}{532, 212, 65, 165, 2, 5}{565, 280, 52, 144, 2, 6}{374, 326, 74, 138, 2, 7}{175, 399, 84, 125, 2, 8}
{738, 108, 32, 93, 2, 1}{723, 127, 36, 89, 2, 2}{696, 149, 47, 103, 2, 3}{703, 203, 39, 112, 2, 4}{568, 207, 69, 114, 2, 5}{565, 280, 52, 144, 2, 6}{389, 338, 65, 153, 2, 7}{181, 409, 76, 106, 2, 8}
{731, 108, 32, 93, 2, 1}{723, 127, 36, 89, 2, 2}{687, 161, 43, 123, 2, 3}{706, 204, 41, 103, 2, 4}{573, 220, 63, 132, 2, 5}{567, 280, 52, 144, 2, 6}{381, 333, 70, 154, 2, 7}{182, 413, 82, 127, 2, 8}
{727, 108, 32, 93, 2, 1}{720, 127, 36, 89, 2, 2}{687, 161, 43, 123, 2, 3}{680, 196, 49, 146, 2, 4}{581, 221, 57, 126, 2, 5}{569, 280, 52, 144, 2, 6}{394, 343, 63, 143, 2, 7}{183, 403, 78, 103, 2, 8}
{731, 104, 34, 110, 2, 1}{718, 127, 40, 92, 2, 2}{686, 162, 43, 123, 2, 3}{686, 198, 45, 134, 2, 4}{587, 225, 54, 133, 2, 5}{581, 278, 52, 144, 2, 6}{411, 341, 63, 132, 2, 7}{195, 399, 83, 91, 2, 8}
{731, 104, 34, 110, 2, 1}{718, 127, 40, 92, 2, 2}{693, 161, 42, 132, 2, 3}{680, 189, 54, 138, 2, 4}{587, 220, 59, 132, 2, 5}{573, 282, 52, 144, 2, 6}{421, 342, 66, 131, 2, 7}{132, 405, 81, 170, 2, 8}
{725, 104, 34, 110, 2, 1}{713, 127, 40, 92, 2, 2}{693, 161, 42, 132, 2, 3}{688, 195, 46, 124, 2, 4}{570, 224, 60, 166, 2, 5}{601, 289, 59, 145, 2, 6}{421, 340, 76, 129, 2, 7}{134, 417, 76, 197, 2, 8}
{718, 103, 34, 110, 2, 1}{724, 128, 36, 89, 2, 2}{689, 161, 42, 132, 2, 3}{693, 193, 57, 136, 2, 4}{593, 229, 58, 124, 2, 5}{601, 289, 59, 145, 2, 6}{424, 343, 75, 146, 2, 7}{131, 417, 82, 179, 2, 8}
{741, 106, 35, 106, 2, 1}{724, 128, 36, 89, 2, 2}{694, 155, 48, 114, 2, 3}{694, 198, 43, 118, 2, 4}{579, 214, 67, 130, 2, 5}{600, 290, 59, 145, 2, 6}{422, 349, 63, 154, 2, 7}{113, 425, 70, 186, 2, 8}
{741, 106, 35, 106, 2, 1}{719, 128, 36, 89, 2, 2}{694, 155, 48, 114, 2, 3}{694, 198, 51, 143, 2, 4}{596, 216, 68, 115, 2, 5}{599, 291, 59, 145, 2, 6}{432, 356, 68, 153, 2, 7}{121, 423, 78, 186, 2, 8}
{736, 105, 35, 106, 2, 1}{717, 131, 36, 96, 2, 2}{698, 148, 54, 122, 2, 3}{693, 193, 49, 141, 2, 4}{588, 223, 62, 125, 2, 5}{593, 284, 65, 159, 2, 6}{415, 353, 64, 196, 2, 7}{132, 409, 93, 172, 2, 8}
{731, 99, 39, 116, 2, 1}{717, 131, 36, 96, 2, 2}{698, 148, 54, 122, 2, 3}{685, 198, 44, 142, 2, 4}{562, 222, 55, 167, 2, 5}{593, 284, 65, 159, 2, 6}{405, 352, 68, 185, 2, 7}{126, 417, 86, 205, 2, 8}
{731, 99, 39, 116, 2, 1}{726, 125, 41, 82, 2, 2}{700, 148, 54, 122, 2, 3}{705, 194, 48, 118, 2, 4}{582, 225, 62, 135, 2, 5}{596, 285, 65, 159, 2, 6}{416, 350, 68, 166, 2, 7}{140, 422, 94, 217, 2, 8}
{726, 96, 39, 116, 2, 1}{726, 125, 41, 82, 2, 2}{696, 146, 54, 122, 2, 3}{701, 195, 41, 129, 2, 4}{576, 220, 59, 134, 2, 5}{597, 284, 65, 159, 2, 6}{427, 347, 75, 162, 2, 7}{123, 426, 82, 244, 2, 8}
{736, 106, 31, 99, 2, 1}{723, 124, 41, 82, 2, 2}{696, 142, 54, 122, 2, 3}{710, 196, 46, 106, 2, 4}{563, 224, 57, 172, 2, 5}{588, 285, 65, 159, 2, 6}{414, 342, 75, 175, 2, 7}{120, 426, 78, 260, 2, 8}
{736, 106, 31, 99, 2, 1}{704, 124, 39, 99, 2, 2}{714, 153, 46, 101, 2, 3}{709, 192, 46, 116, 2, 4}{581, 220, 63, 141, 2, 5}{589, 288, 65, 159, 2, 6}{423, 357, 65, 187, 2, 7}{128, 428, 90, 235, 2, 8}
{746, 101, 34, 81, 2, 1}{704, 124, 39, 99, 2, 2}{714, 153, 46, 101, 2, 3}{694, 193, 49, 138, 2, 4}{581, 220, 63, 141, 2, 5}{627, 290, 59, 147, 2, 6}{429, 347, 74, 180, 2, 7}{128, 428, 90, 235, 2, 8}
{746, 101, 34, 81, 2, 1}{702, 124, 39, 99, 2, 2}{715, 154, 46, 101, 2, 3}{693, 196, 47, 157, 2, 4}{584, 221, 63, 141, 2, 5}{627, 290, 59, 147, 2, 6}{436, 345, 74, 164, 2, 7}{137, 430, 90, 235, 2, 8}
{743, 102, 34, 81, 2, 1}{714, 128, 35, 99, 2, 2}{702, 152, 46, 119, 2, 3}{686, 196, 46, 167, 2, 4}{585, 222, 63, 141, 2, 5}{630, 291, 59, 147, 2, 6}{437, 353, 70, 179, 2, 7}{150, 434, 90, 235, 2, 8}
{761, 99, 37, 88, 2, 1}{714, 128, 35, 99, 2, 2}{702, 152, 46, 119, 2, 3}{706, 199, 41, 156, 2, 4}{587, 222, 54, 150, 2, 5}{629, 294, 59, 147, 2, 6}{451, 345, 83, 154, 2, 7}{163, 438, 90, 235, 2, 8}
{761, 99, 37, 88, 2, 1}{723, 121, 42, 87, 2, 2}{725, 162, 41, 103, 2, 3}{731, 193, 59, 123, 2, 4}{595, 220, 58, 152, 2, 5}{647, 292, 65, 181, 2, 6}{452, 348, 84, 170, 2, 7}{176, 444, 90, 235, 2, 8}
{744, 102, 34, 98, 2, 1}{723, 121, 42, 87, 2, 2}{725, 162, 41, 103, 2, 3}{732, 194, 54, 128, 2, 4}{628, 231, 57, 131, 2, 5}{647, 292, 65, 181, 2, 6}{469, 359, 73, 173, 2, 7}{193, 444, 90, 235, 2, 8}
{752, 106, 31, 86, 2, 1}{724, 121, 42, 87, 2, 2}{734, 154, 43, 94, 2, 3}{736, 191, 57, 133, 2, 4}{636, 230, 58, 109, 2, 5}{650, 293, 65, 181, 2, 6}{478, 365, 75, 182, 2, 7}{178, 451, 91, 261, 2, 8}
{752, 106, 31, 86, 2, 1}{725, 125, 42, 90, 2, 2}{734, 154, 43, 94, 2, 3}{725, 197, 51, 140, 2, 4}{653, 215, 79, 95, 2, 5}{651, 294, 65, 181, 2, 6}{485, 363, 81, 194, 2, 7}{178, 451, 91, 261, 2, 8}
{752, 108, 30, 90, 2, 1}{725, 125, 42, 90, 2, 2}{738, 155, 43, 94, 2, 3}{731, 193, 48, 143, 2, 4}{637, 216, 70, 118, 2, 5}{654, 293, 65, 181, 2, 6}{489, 364, 80, 222, 2, 7}{181, 452, 91, 261, 2, 8}
{752, 108, 30, 90, 2, 1}{721, 126, 42, 90, 2, 2}{722, 157, 39, 100, 2, 3}{724, 191, 51, 178, 2, 4}{637, 222, 58, 123, 2, 5}{659, 294, 65, 181, 2, 6}{505, 366, 71, 175, 2, 7}{194, 457, 91, 261, 2, 8}
{757, 106, 31, 90, 2, 1}{715, 124, 41, 103, 2, 2}{722, 157, 39, 100, 2, 3}{722, 199, 43, 176, 2, 4}{618, 226, 54, 145, 2, 5}{666, 295, 65, 181, 2, 6}{489, 375, 67, 179, 2, 7}{201, 462, 91, 261, 2, 8}
{757, 106, 31, 90, 2, 1}{715, 124, 41, 103, 2, 2}{718, 157, 39, 100, 2, 3}{749, 199, 48, 112, 2, 4}{627, 235, 48, 146, 2, 5}{667, 298, 65, 181, 2, 6}{495, 377, 71, 171, 2, 7}{206, 465, 91, 261, 2, 8}
{747, 106, 31, 90, 2, 1}{713, 125, 40, 90, 2, 2}{714, 160, 40, 103, 2, 3}{729, 202, 46, 139, 2, 4}{627, 235, 48, 146, 2, 5}{664, 297, 65, 181, 2, 6}{508, 361, 88, 154, 2, 7}{207, 468, 91, 261, 2, 8}
{731, 106, 27, 99, 2, 1}{713, 125, 40, 90, 2, 2}{714, 160, 40, 103, 2, 3}{730, 202, 44, 140, 2, 4}{613, 237, 48, 146, 2, 5}{659, 300, 65, 181, 2, 6}{486, 377, 71, 211, 2, 7}{206, 473, 91, 261, 2, 8}
{731, 106, 27, 99, 2, 1}{703, 125, 40, 90, 2, 2}{698, 161, 37, 98, 2, 3}{698, 201, 48, 151, 2, 4}{597, 239, 48, 146, 2, 5}{666, 295, 65, 181, 2, 6}{488, 373, 75, 211, 2, 7}{205, 476, 91, 261, 2, 8}
{686, 106, 29, 121, 2, 1}{674, 124, 42, 95, 2, 2}{698, 161, 37, 98, 2, 3}{698, 201, 48, 151, 2, 4}{579, 237, 48, 146, 2, 5}{657, 296, 65, 181, 2, 6}{487, 376, 79, 194, 2, 7}{208, 481, 91, 261, 2, 8}
{686, 106, 29, 121, 2, 1}{674, 124, 42, 95, 2, 2}{688, 162, 37, 98, 2, 3}{689, 199, 48, 151, 2, 4}{577, 241, 48, 146, 2, 5}{644, 297, 65, 181, 2, 6}{484, 377, 80, 203, 2, 7}{182, 452, 115, 269, 2, 8}
{639, 104, 31, 154, 2, 1}{664, 125, 42, 95, 2, 2}{666, 158, 40, 113, 2, 3}{686, 194, 53, 134, 2, 4}{575, 241, 48, 146, 2, 5}{639, 300, 65, 181, 2, 6}{484, 376, 80, 192, 2, 7}{182, 452, 115, 269, 2, 8}
{639, 104, 31, 154, 2, 1}{645, 132, 34, 102, 2, 2}{666, 158, 40, 113, 2, 3}{682, 197, 48, 151, 2, 4}{575, 236, 52, 156, 2, 5}{638, 301, 65, 181, 2, 6}{484, 371, 85, 176, 2, 7}{187, 455, 115, 269, 2, 8}
{628, 104, 31, 154, 2, 1}{645, 132, 34, 102, 2, 2}{662, 159, 40, 113, 2, 3}{682, 197, 48, 151, 2, 4}{575, 236, 52, 156, 2, 5}{639, 304, 65, 181, 2, 6}{488, 375, 82, 213, 2, 7}{194, 456, 115, 269, 2, 8}
{625, 105, 28, 131, 2, 1}{622, 122, 38, 103, 2, 2}{655, 157, 40, 113, 2, 3}{679, 197, 48, 151, 2, 4}{569, 236, 52, 156, 2, 5}{638, 303, 65, 181, 2, 6}{476, 380, 80, 213, 2, 7}{201, 459, 115, 269, 2, 8}
{625, 105, 28, 131, 2, 1}{622, 122, 38, 103, 2, 2}{655, 156, 45, 96, 2, 3}{676, 197, 48, 151, 2, 4}{567, 238, 52, 156, 2, 5}{639, 300, 65, 181, 2, 6}{490, 382, 76, 197, 2, 7}{176, 503, 83, 280, 2, 8}
{626, 106, 28, 131, 2, 1}{616, 122, 38, 103, 2, 2}{655, 156, 45, 96, 2, 3}{673, 197, 48, 151, 2, 4}{584, 230, 61, 115, 2, 5}{634, 301, 65, 181, 2, 6}{489, 389, 65, 216, 2, 7}{170, 472, 124, 272, 2, 8}
{600, 107, 30, 148, 2, 1}{623, 127, 38, 93, 2, 2}{654, 155, 45, 96, 2, 3}{670, 197, 48, 151, 2, 4}{584, 230, 61, 115, 2, 5}{631, 302, 65, 181, 2, 6}{481, 390, 61, 215, 2, 7}{149, 481, 105, 307, 2, 8}
{600, 107, 30, 148, 2, 1}{623, 127, 38, 93, 2, 2}{635, 160, 40, 123, 2, 3}{666, 200, 47, 151, 2, 4}{579, 231, 61, 115, 2, 5}{634, 303, 65, 181, 2, 6}{479, 386, 60, 218, 2, 7}{129, 498, 86, 356, 2, 8}
{592, 107, 30, 148, 2, 1}{614, 127, 38, 93, 2, 2}{635, 160, 40, 123, 2, 3}{666, 200, 47, 151, 2, 4}{576, 232, 61, 115, 2, 5}{637, 304, 65, 181, 2, 6}{493, 385, 70, 203, 2, 7}{160, 509, 88, 346, 2, 8}
{597, 106, 29, 141, 2, 1}{603, 131, 36, 115, 2, 2}{628, 160, 38, 112, 2, 3}{671, 201, 47, 151, 2, 4}{577, 231, 61, 115, 2, 5}{638, 303, 65, 181, 2, 6}{494, 380, 74, 191, 2, 7}{179, 510, 83, 340, 2, 8}
{597, 106, 29, 141, 2, 1}{603, 131, 36, 115, 2, 2}{628, 160, 38, 112, 2, 3}{686, 198, 47, 151, 2, 4}{580, 232, 61, 115, 2, 5}{641, 304, 65, 181, 2, 6}{502, 391, 67, 213, 2, 7}{210, 504, 104, 289, 2, 8}
{585, 106, 32, 141, 2, 1}{612, 125, 38, 96, 2, 2}{636, 155, 43, 104, 2, 3}{693, 199, 47, 151, 2, 4}{583, 231, 61, 115, 2, 5}{646, 302, 71, 183, 2, 6}{498, 393, 55, 219, 2, 7}{215, 508, 96, 298, 2, 8}
{585, 106, 32, 141, 2, 1}{612, 125, 38, 96, 2, 2}{636, 155, 43, 104, 2, 3}{692, 198, 47, 151, 2, 4}{586, 232, 61, 115, 2, 5}{646, 302, 71, 183, 2, 6}{521, 393, 62, 208, 2, 7}{212, 517, 79, 270, 2, 8}
{582, 106, 32, 141, 2, 1}{608, 125, 38, 96, 2, 2}{634, 153, 50, 107, 2, 3}{691, 197, 47, 151, 2, 4}{581, 231, 61, 115, 2, 5}{649, 303, 71, 183, 2, 6}{521, 393, 62, 208, 2, 7}{238, 496, 112, 248, 2, 8}
{595, 108, 27, 166, 2, 1}{611, 133, 30, 98, 2, 2}{634, 153, 50, 107, 2, 3}{678, 198, 47, 151, 2, 4}{590, 232, 61, 115, 2, 5}{652, 304, 71, 183, 2, 6}{521, 391, 62, 208, 2, 7}{238, 496, 112, 248, 2, 8}
{595, 108, 27, 166, 2, 1}{611, 133, 30, 98, 2, 2}{630, 156, 48, 133, 2, 3}{687, 199, 47, 151, 2, 4}{595, 233, 61, 115, 2, 5}{653, 307, 71, 183, 2, 6}{537, 373, 85, 167, 2, 7}{256, 523, 84, 298, 2, 8}
{591, 107, 27, 166, 2, 1}{608, 133, 30, 98, 2, 2}{630, 156, 48, 133, 2, 3}{686, 200, 47, 151, 2, 4}{596, 234, 61, 115, 2, 5}{688, 300, 70, 175, 2, 6}{552, 386, 70, 179, 2, 7}{262, 522, 88, 287, 2, 8}
{623, 106, 30, 113, 2, 1}{611, 132, 30, 101, 2, 2}{628, 156, 48, 133, 2, 3}{685, 203, 47, 151, 2, 4}{597, 235, 61, 115, 2, 5}{688, 300, 70, 175, 2, 6}{558, 390, 71, 211, 2, 7}{282, 516, 95, 267, 2, 8}
{623, 106, 30, 113, 2, 1}{611, 132, 30, 101, 2, 2}{609, 159, 44, 155, 2, 3}{684, 202, 47, 151, 2, 4}{598, 236, 61, 115, 2, 5}{687, 300, 70, 175, 2, 6}{539, 404, 57, 248, 2, 7}{275, 535, 95, 298, 2, 8}
{583, 105, 31, 154, 2, 1}{617, 127, 39, 88, 2, 2}{609, 159, 44, 155, 2, 3}{691, 201, 47, 151, 2, 4}{620, 241, 54, 125, 2, 5}{682, 300, 70, 175, 2, 6}{559, 400, 71, 215, 2, 7}{265, 506, 134, 301, 2, 8}
{583, 105, 31, 154, 2, 1}{617, 127, 39, 88, 2, 2}{606, 159, 44, 155, 2, 3}{692, 198, 47, 151, 2, 4}{620, 241, 54, 125, 2, 5}{685, 300, 70, 175, 2, 6}{569, 399, 61, 220, 2, 7}{265, 506, 134, 301, 2, 8}
{578, 105, 31, 154, 2, 1}{614, 127, 39, 88, 2, 2}{609, 159, 44, 155, 2, 3}{691, 199, 47, 151, 2, 4}{613, 243, 54, 125, 2, 5}{707, 299, 70, 190, 2, 6}{592, 398, 75, 200, 2, 7}{294, 532, 103, 317, 2, 8}
{599, 108, 28, 130, 2, 1}{607, 131, 32, 106, 2, 2}{612, 155, 46, 158, 2, 3}{694, 198, 47, 151, 2, 4}{612, 243, 54, 125, 2, 5}{707, 299, 70, 190, 2, 6}{572, 400, 69, 198, 2, 7}{277, 524, 108, 349, 2, 8}
{599, 108, 28, 130, 2, 1}{607, 131, 32, 106, 2, 2}{612, 155, 46, 158, 2, 3}{671, 199, 44, 166, 2, 4}{611, 243, 54, 125, 2, 5}{707, 299, 70, 190, 2, 6}{586, 386, 80, 195, 2, 7}{322, 530, 105, 321, 2, 8}
{591, 108, 28, 130, 2, 1}{602, 132, 32, 106, 2, 2}{608, 155, 46, 158, 2, 3}{671, 199, 44, 166, 2, 4}{614, 243, 54, 125, 2, 5}{705, 299, 70, 190, 2, 6}{591, 388, 80, 218, 2, 7}{322, 530, 105, 321, 2, 8}
{585, 109, 28, 130, 2, 1}{601, 131, 32, 106, 2, 2}{602, 155, 46, 158, 2, 3}{667, 199, 44, 166, 2, 4}{617, 245, 54, 125, 2, 5}{699, 301, 70, 190, 2, 6}{597, 395, 64, 233, 2, 7}{335, 529, 105, 321, 2, 8}
{580, 107, 27, 160, 2, 1}{604, 130, 34, 100, 2, 2}{646, 156, 43, 107, 2, 3}{663, 197, 44, 166, 2, 4}{616, 245, 54, 125, 2, 5}{711, 298, 70, 179, 2, 6}{610, 393, 74, 240, 2, 7}{352, 528, 105, 321, 2, 8}
{580, 107, 27, 160, 2, 1}{604, 130, 34, 100, 2, 2}{646, 156, 43, 107, 2, 3}{699, 192, 56, 146, 2, 4}{621, 243, 54, 125, 2, 5}{711, 298, 70, 179, 2, 6}{598, 398, 66, 235, 2, 7}{363, 529, 105, 321, 2, 8}
{577, 107, 27, 160, 2, 1}{604, 130, 34, 100, 2, 2}{645, 156, 43, 107, 2, 3}{699, 192, 56, 146, 2, 4}{649, 239, 54, 105, 2, 5}{718, 300, 70, 179, 2, 6}{610, 401, 70, 247, 2, 7}{378, 530, 105, 321, 2, 8}
{588, 107, 28, 146, 2, 1}{615, 126, 35, 86, 2, 2}{648, 155, 43, 107, 2, 3}{699, 194, 56, 146, 2, 4}{649, 239, 54, 105, 2, 5}{721, 302, 70, 179, 2, 6}{623, 386, 78, 226, 2, 7}{391, 531, 105, 321, 2, 8}
{588, 107, 28, 146, 2, 1}{615, 126, 35, 86, 2, 2}{628, 152, 50, 131, 2, 3}{697, 196, 56, 146, 2, 4}{649, 239, 54, 105, 2, 5}{725, 306, 64, 210, 2, 6}{634, 371, 91, 201, 2, 7}{404, 532, 105, 321, 2, 8}
{618, 106, 31, 122, 2, 1}{606, 126, 35, 118, 2, 2}{628, 152, 50, 131, 2, 3}{699, 196, 56, 146, 2, 4}{648, 239, 54, 105, 2, 5}{725, 306, 64, 210, 2, 6}{632, 378, 86, 225, 2, 7}{419, 531, 105, 321, 2, 8}
{602, 106, 28, 146, 2, 1}{606, 126, 35, 118, 2, 2}{629, 152, 50, 131, 2, 3}{701, 194, 56, 146, 2, 4}{634, 245, 48, 149, 2, 5}{764, 297, 68, 149, 2, 6}{632, 378, 86, 225, 2, 7}{436, 530, 105, 321, 2, 8}
{591, 102, 38, 138, 2, 1}{601, 126, 35, 118, 2, 2}{641, 161, 39, 109, 2, 3}{701, 194, 56, 146, 2, 4}{634, 245, 48, 149, 2, 5}{764, 297, 68, 149, 2, 6}{633, 376, 86, 225, 2, 7}{447, 529, 105, 321, 2, 8}
{591, 102, 38, 138, 2, 1}{595, 129, 32, 109, 2, 2}{641, 161, 39, 109, 2, 3}{699, 192, 56, 146, 2, 4}{631, 245, 48, 149, 2, 5}{763, 297, 68, 149, 2, 6}{640, 378, 86, 225, 2, 7}{454, 530, 105, 321, 2, 8}
{566, 105, 30, 163, 2, 1}{595, 129, 32, 109, 2, 2}{636, 161, 39, 109, 2, 3}{703, 190, 56, 146, 2, 4}{660, 233, 51, 113, 2, 5}{774, 297, 68, 149, 2, 6}{639, 378, 86, 225, 2, 7}{461, 529, 105, 321, 2, 8}
{566, 105, 30, 163, 2, 1}{591, 129, 32, 109, 2, 2}{638, 161, 39, 109, 2, 3}{703, 190, 56, 146, 2, 4}{660, 233, 51, 113, 2, 5}{773, 297, 68, 149, 2, 6}{644, 376, 86, 225, 2, 7}{474, 530, 105, 321, 2, 8}
{560, 105, 30, 163, 2, 1}{590, 128, 33, 93, 2, 2}{626, 159, 45, 131, 2, 3}{699, 190, 56, 146, 2, 4}{657, 234, 51, 113, 2, 5}{774, 297, 68, 149, 2, 6}{641, 378, 86, 225, 2, 7}{487, 529, 105, 321, 2, 8}
{559, 111, 26, 157, 2, 1}{590, 128, 33, 93, 2, 2}{626, 159, 45, 131, 2, 3}{697, 190, 56, 146, 2, 4}{658, 235, 51, 113, 2, 5}{771, 297, 68, 149, 2, 6}{648, 378, 86, 225, 2, 7}{468, 551, 94, 284, 2, 8}
{559, 111, 26, 157, 2, 1}{571, 131, 33, 119, 2, 2}{618, 159, 45, 131, 2, 3}{697, 190, 56, 146, 2, 4}{658, 235, 51, 113, 2, 5}{782, 293, 68, 149, 2, 6}{676, 393, 67, 250, 2, 7}{472, 533, 104, 276, 2, 8}
{547, 103, 35, 169, 2, 1}{571, 131, 33, 119, 2, 2}{629, 156, 44, 114, 2, 3}{693, 190, 56, 146, 2, 4}{626, 239, 54, 152, 2, 5}{779, 293, 68, 149, 2, 6}{676, 393, 67, 250, 2, 7}{476, 550, 88, 292, 2, 8}
{547, 103, 35, 169, 2, 1}{566, 131, 33, 119, 2, 2}{629, 156, 44, 114, 2, 3}{693, 190, 56, 146, 2, 4}{626, 239, 54, 152, 2, 5}{784, 293, 68, 149, 2, 6}{674, 392, 67, 250, 2, 7}{493, 528, 110, 268, 2, 8}
{542, 103, 35, 169, 2, 1}{553, 133, 29, 115, 2, 2}{621, 156, 44, 114, 2, 3}{726, 193, 48, 139, 2, 4}{620, 239, 54, 152, 2, 5}{789, 293, 68, 149, 2, 6}{670, 393, 67, 250, 2, 7}{493, 528, 110, 268, 2, 8}
{557, 100, 37, 148, 2, 1}{553, 133, 29, 115, 2, 2}{623, 162, 37, 125, 2, 3}{726, 193, 48, 139, 2, 4}{612, 239, 54, 152, 2, 5}{794, 291, 68, 149, 2, 6}{668, 392, 67, 250, 2, 7}{484, 533, 94, 350, 2, 8}
{557, 100, 37, 148, 2, 1}{543, 134, 29, 115, 2, 2}{623, 162, 37, 125, 2, 3}{725, 193, 48, 139, 2, 4}{632, 219, 73, 140, 2, 5}{797, 291, 68, 149, 2, 6}{711, 371, 83, 173, 2, 7}{505, 528, 103, 315, 2, 8}
{550, 100, 37, 148, 2, 1}{559, 133, 26, 102, 2, 2}{619, 162, 37, 125, 2, 3}{720, 191, 48, 139, 2, 4}{632, 219, 73, 140, 2, 5}{794, 291, 68, 149, 2, 6}{722, 366, 86, 177, 2, 7}{505, 528, 103, 315, 2, 8}
{553, 100, 36, 141, 2, 1}{559, 133, 26, 102, 2, 2}{621, 154, 46, 122, 2, 3}{725, 187, 48, 139, 2, 4}{630, 220, 73, 140, 2, 5}{795, 289, 68, 149, 2, 6}{723, 367, 82, 210, 2, 7}{498, 527, 103, 315, 2, 8}
{553, 100, 36, 141, 2, 1}{561, 129, 30, 101, 2, 2}{621, 154, 46, 122, 2, 3}{720, 185, 48, 139, 2, 4}{630, 219, 73, 140, 2, 5}{790, 287, 68, 149, 2, 6}{724, 375, 83, 191, 2, 7}{505, 526, 103, 315, 2, 8}
{546, 100, 36, 141, 2, 1}{561, 129, 30, 101, 2, 2}{615, 154, 46, 122, 2, 3}{721, 187, 48, 139, 2, 4}{632, 218, 73, 140, 2, 5}{789, 287, 68, 149, 2, 6}{732, 371, 89, 210, 2, 7}{538, 527, 103, 315, 2, 8}
{542, 100, 36, 141, 2, 1}{556, 129, 30, 101, 2, 2}{609, 154, 46, 122, 2, 3}{724, 185, 48, 139, 2, 4}{632, 217, 73, 140, 2, 5}{792, 289, 68, 149, 2, 6}{749, 373, 77, 206, 2, 7}{545, 526, 103, 315, 2, 8}
{535, 100, 36, 141, 2, 1}{542, 133, 24, 110, 2, 2}{637, 146, 52, 85, 2, 3}{721, 187, 48, 139, 2, 4}{636, 214, 73, 140, 2, 5}{795, 287, 68, 149, 2, 6}{733, 375, 67, 183, 2, 7}{544, 527, 103, 315, 2, 8}
{538, 102, 32, 141, 2, 1}{542, 133, 24, 110, 2, 2}{637, 146, 52, 85, 2, 3}{718, 185, 48, 139, 2, 4}{656, 225, 61, 116, 2, 5}{794, 287, 68, 149, 2, 6}{734, 371, 78, 181, 2, 7}{545, 528, 103, 315, 2, 8}
{538, 102, 32, 141, 2, 1}{535, 133, 24, 110, 2, 2}{625, 152, 45, 115, 2, 3}{717, 185, 48, 139, 2, 4}{656, 225, 61, 116, 2, 5}{795, 285, 68, 149, 2, 6}{729, 364, 81, 190, 2, 7}{546, 527, 103, 315, 2, 8}
{529, 102, 32, 141, 2, 1}{541, 132, 30, 106, 2, 2}{625, 152, 45, 115, 2, 3}{717, 185, 48, 139, 2, 4}{656, 226, 61, 116, 2, 5}{804, 281, 68, 149, 2, 6}{732, 367, 70, 222, 2, 7}{555, 522, 103, 315, 2, 8}
{519, 105, 33, 152, 2, 1}{541, 132, 30, 106, 2, 2}{620, 152, 45, 115, 2, 3}{712, 181, 48, 139, 2, 4}{658, 225, 61, 116, 2, 5}{801, 281, 68, 149, 2, 6}{753, 373, 70, 204, 2, 7}{560, 519, 103, 315, 2, 8}
{519, 105, 33, 152, 2, 1}{536, 132, 30, 106, 2, 2}{618, 150, 46, 116, 2, 3}{712, 181, 48, 139, 2, 4}{662, 224, 61, 116, 2, 5}{802, 281, 68, 149, 2, 6}{750, 371, 69, 198, 2, 7}{569, 516, 103, 315, 2, 8}
{513, 105, 33, 152, 2, 1}{531, 130, 28, 117, 2, 2}{618, 150, 46, 116, 2, 3}{707, 183, 48, 139, 2, 4}{660, 223, 61, 116, 2, 5}{805, 279, 68, 149, 2, 6}{760, 368, 66, 200, 2, 7}{578, 515, 103, 315, 2, 8}
{503, 105, 33, 152, 2, 1}{531, 130, 28, 117, 2, 2}{609, 149, 46, 116, 2, 3}{704, 181, 48, 139, 2, 4}{664, 220, 61, 116, 2, 5}{806, 279, 68, 149, 2, 6}{755, 371, 62, 194, 2, 7}{585, 514, 103, 315, 2, 8}
{506, 104, 30, 152, 2, 1}{523, 130, 28, 117, 2, 2}{611, 146, 49, 98, 2, 3}{703, 181, 48, 139, 2, 4}{660, 221, 61, 116, 2, 5}{807, 279, 68, 149, 2, 6}{752, 352, 79, 190, 2, 7}{594, 511, 103, 315, 2, 8}
{506, 104, 30, 152, 2, 1}{512, 126, 31, 113, 2, 2}{611, 146, 49, 98, 2, 3}{696, 181, 48, 139, 2, 4}{658, 222, 61, 116, 2, 5}{804, 277, 68, 149, 2, 6}{764, 355, 78, 183, 2, 7}{597, 508, 103, 315, 2, 8}
{498, 105, 30, 152, 2, 1}{512, 126, 31, 113, 2, 2}{607, 148, 49, 98, 2, 3}{693, 179, 48, 139, 2, 4}{656, 221, 61, 116, 2, 5}{797, 273, 68, 149, 2, 6}{744, 360, 62, 224, 2, 7}{600, 507, 103, 315, 2, 8}
{486, 102, 35, 151, 2, 1}{506, 126, 31, 113, 2, 2}{605, 148, 49, 98, 2, 3}{690, 177, 48, 139, 2, 4}{656, 222, 61, 116, 2, 5}{798, 271, 68, 149, 2, 6}{789, 361, 72, 176, 2, 7}{595, 504, 103, 315, 2, 8}
{486, 102, 35, 151, 2, 1}{507, 128, 32, 89, 2, 2}{593, 147, 46, 116, 2, 3}{699, 177, 48, 139, 2, 4}{652, 221, 61, 116, 2, 5}{799, 273, 68, 149, 2, 6}{794, 348, 74, 169, 2, 7}{608, 503, 103, 315, 2, 8}
{516, 93, 43, 119, 2, 1}{507, 128, 32, 89, 2, 2}{593, 147, 46, 116, 2, 3}{704, 177, 48, 139, 2, 4}{652, 220, 61, 116, 2, 5}{806, 271, 68, 149, 2, 6}{788, 353, 69, 177, 2, 7}{627, 502, 103, 315, 2, 8}
{516, 93, 43, 119, 2, 1}{504, 128, 32, 89, 2, 2}{587, 147, 46, 116, 2, 3}{699, 177, 48, 139, 2, 4}{650, 219, 61, 116, 2, 5}{803, 273, 68, 149, 2, 6}{792, 353, 76, 171, 2, 7}{632, 501, 103, 315, 2, 8}
{508, 93, 43, 119, 2, 1}{502, 128, 28, 108, 2, 2}{578, 144, 49, 110, 2, 3}{694, 177, 48, 139, 2, 4}{654, 216, 61, 116, 2, 5}{802, 271, 68, 149, 2, 6}{787, 364, 66, 157, 2, 7}{635, 500, 103, 315, 2, 8}
{491, 97, 38, 134, 2, 1}{502, 128, 28, 108, 2, 2}{578, 144, 49, 110, 2, 3}{695, 175, 48, 139, 2, 4}{656, 215, 61, 116, 2, 5}{801, 269, 68, 149, 2, 6}{803, 342, 80, 163, 2, 7}{632, 501, 103, 315, 2, 8}
{491, 97, 38, 134, 2, 1}{496, 125, 33, 111, 2, 2}{567, 148, 47, 134, 2, 3}{682, 173, 48, 139, 2, 4}{654, 216, 61, 116, 2, 5}{808, 265, 68, 149, 2, 6}{791, 345, 74, 202, 2, 7}{631, 498, 103, 315, 2, 8}
{482, 97, 38, 134, 2, 1}{496, 125, 33, 111, 2, 2}{567, 148, 47, 134, 2, 3}{687, 173, 48, 139, 2, 4}{654, 215, 61, 116, 2, 5}{805, 263, 68, 149, 2, 6}{789, 342, 74, 200, 2, 7}{638, 495, 103, 315, 2, 8}
{460, 95, 37, 158, 2, 1}{491, 125, 33, 111, 2, 2}{561, 148, 47, 134, 2, 3}{688, 173, 48, 139, 2, 4}{656, 214, 61, 116, 2, 5}{808, 265, 68, 149, 2, 6}{795, 345, 80, 191, 2, 7}{635, 490, 103, 315, 2, 8}
{460, 95, 37, 158, 2, 1}{486, 125, 35, 100, 2, 2}{571, 145, 45, 124, 2, 3}{687, 173, 48, 139, 2, 4}{656, 213, 61, 116, 2, 5}{807, 263, 68, 149, 2, 6}{805, 341, 79, 183, 2, 7}{681, 480, 112, 255, 2, 8}
{469, 99, 35, 151, 2, 1}{486, 125, 35, 100, 2, 2}{571, 145, 45, 124, 2, 3}{684, 173, 48, 139, 2, 4}{652, 214, 61, 116, 2, 5}{808, 263, 68, 149, 2, 6}{832, 342, 70, 153, 2, 7}{706, 459, 119, 256, 2, 8}
{469, 99, 35, 151, 2, 1}{479, 125, 35, 100, 2, 2}{564, 144, 45, 124, 2, 3}{683, 173, 48, 139, 2, 4}{650, 211, 61, 116, 2, 5}{809, 261, 68, 149, 2, 6}{835, 328, 90, 123, 2, 7}{725, 457, 112, 256, 2, 8}
{461, 99, 35, 151, 2, 1}{488, 126, 33, 96, 2, 2}{563, 143, 45, 117, 2, 3}{674, 173, 48, 139, 2, 4}{646, 210, 61, 116, 2, 5}{804, 259, 68, 149, 2, 6}{793, 325, 77, 198, 2, 7}{706, 483, 95, 289, 2, 8}
{453, 100, 35, 151, 2, 1}{488, 126, 33, 96, 2, 2}{563, 143, 45, 117, 2, 3}{671, 171, 48, 139, 2, 4}{652, 209, 61, 116, 2, 5}{797, 257, 68, 149, 2, 6}{799, 324, 89, 195, 2, 7}{723, 476, 96, 271, 2, 8}
{451, 90, 44, 135, 2, 1}{488, 125, 31, 89, 2, 2}{563, 143, 45, 117, 2, 3}{670, 169, 48, 139, 2, 4}{652, 210, 61, 116, 2, 5}{796, 255, 68, 149, 2, 6}{806, 320, 94, 188, 2, 7}{727, 477, 85, 260, 2, 8}
{451, 90, 44, 135, 2, 1}{488, 125, 31, 89, 2, 2}{566, 138, 49, 117, 2, 3}{679, 169, 48, 139, 2, 4}{652, 207, 61, 116, 2, 5}{799, 255, 68, 149, 2, 6}{821, 330, 70, 159, 2, 7}{733, 468, 114, 255, 2, 8}
{445, 91, 44, 135, 2, 1}{481, 125, 31, 89, 2, 2}{566, 138, 49, 117, 2, 3}{682, 167, 48, 139, 2, 4}{650, 208, 61, 116, 2, 5}{808, 255, 68, 149, 2, 6}{819, 324, 83, 180, 2, 7}{750, 469, 91, 231, 2, 8}
{427, 93, 36, 159, 2, 1}{459, 121, 37, 113, 2, 2}{563, 138, 49, 117, 2, 3}{683, 165, 48, 139, 2, 4}{648, 207, 61, 116, 2, 5}{809, 253, 68, 149, 2, 6}{836, 328, 72, 160, 2, 7}{754, 438, 124, 244, 2, 8}
{427, 93, 36, 159, 2, 1}{459, 121, 37, 113, 2, 2}{562, 138, 49, 117, 2, 3}{676, 165, 48, 139, 2, 4}{648, 206, 61, 116, 2, 5}{808, 251, 68, 149, 2, 6}{823, 323, 62, 166, 2, 7}{778, 447, 120, 242, 2, 8}
{420, 93, 36, 159, 2, 1}{456, 121, 37, 113, 2, 2}{564, 141, 44, 96, 2, 3}{671, 163, 48, 139, 2, 4}{650, 203, 61, 116, 2, 5}{809, 251, 68, 149, 2, 6}{837, 313, 78, 146, 2, 7}{796, 437, 122, 245, 2, 8}
{457, 90, 36, 123, 2, 1}{453, 121, 37, 113, 2, 2}{564, 141, 44, 96, 2, 3}{664, 161, 48, 139, 2, 4}{652, 202, 61, 116, 2, 5}{810, 247, 68, 149, 2, 6}{839, 310, 91, 171, 2, 7}{803, 444, 106, 255, 2, 8}
{457, 90, 36, 123, 2, 1}{465, 116, 37, 89, 2, 2}{561, 142, 44, 96, 2, 3}{673, 161, 48, 139, 2, 4}{652, 201, 61, 116, 2, 5}{809, 245, 68, 149, 2, 6}{845, 313, 78, 157, 2, 7}{808, 442, 117, 231, 2, 8}
{464, 93, 31, 110, 2, 1}{465, 116, 37, 89, 2, 2}{564, 136, 47, 118, 2, 3}{676, 161, 48, 139, 2, 4}{654, 200, 61, 116, 2, 5}{812, 243, 68, 149, 2, 6}{849, 313, 68, 162, 2, 7}{834, 433, 139, 212, 2, 8}
{464, 93, 31, 110, 2, 1}{460, 116, 37, 89, 2, 2}{564, 136, 47, 118, 2, 3}{675, 161, 48, 139, 2, 4}{656, 199, 61, 116, 2, 5}{813, 243, 68, 149, 2, 6}{863, 308, 71, 173, 2, 7}{816, 428, 126, 232, 2, 8}
{458, 94, 31, 110, 2, 1}{455, 116, 37, 89, 2, 2}{559, 136, 47, 118, 2, 3}{672, 161, 48, 139, 2, 4}{660, 198, 61, 116, 2, 5}{814, 241, 68, 149, 2, 6}{877, 305, 65, 162, 2, 7}{824, 429, 117, 188, 2, 8}
{450, 95, 31, 110, 2, 1}{468, 112, 38, 85, 2, 2}{552, 136, 47, 118, 2, 3}{669, 161, 48, 139, 2, 4}{656, 197, 61, 116, 2, 5}{811, 239, 68, 149, 2, 6}{860, 295, 79, 133, 2, 7}{827, 410, 123, 198, 2, 8}
{429, 93, 39, 134, 2, 1}{468, 112, 38, 85, 2, 2}{554, 138, 46, 110, 2, 3}{664, 159, 48, 139, 2, 4}{654, 196, 61, 116, 2, 5}{808, 241, 68, 149, 2, 6}{846, 280, 96, 159, 2, 7}{820, 413, 128, 237, 2, 8}
{429, 93, 39, 134, 2, 1}{462, 111, 38, 85, 2, 2}{554, 138, 46, 110, 2, 3}{657, 157, 48, 139, 2, 4}{652, 193, 61, 116, 2, 5}{801, 237, 68, 149, 2, 6}{842, 295, 78, 149, 2, 7}{822, 420, 107, 236, 2, 8}
{420, 94, 39, 134, 2, 1}{457, 115, 32, 92, 2, 2}{554, 130, 51, 90, 2, 3}{656, 157, 48, 139, 2, 4}{650, 192, 61, 116, 2, 5}{798, 235, 68, 149, 2, 6}{855, 299, 71, 167, 2, 7}{0, 0, 0, 0, 2, 8}
{430, 92, 31, 115, 2, 1}{457, 115, 32, 92, 2, 2}{554, 130, 51, 90, 2, 3}{659, 157, 48, 139, 2, 4}{648, 193, 61, 116, 2, 5}{822, 232, 66, 140, 2, 6}{850, 295, 76, 131, 2, 7}{0, 0, 0, 0, 2, 8}
{430, 92, 31, 115, 2, 1}{444, 116, 38, 83, 2, 2}{550, 131, 51, 90, 2, 3}{660, 157, 48, 139, 2, 4}{646, 194, 61, 116, 2, 5}{822, 232, 66, 140, 2, 6}{848, 302, 69, 158, 2, 7}{0, 0, 0, 0, 2, 8}
{392, 99, 28, 144, 2, 1}{444, 116, 38, 83, 2, 2}{526, 139, 44, 117, 2, 3}{659, 157, 48, 139, 2, 4}{640, 193, 61, 116, 2, 5}{816, 232, 66, 140, 2, 6}{834, 291, 76, 163, 2, 7}{856, 412, 110, 166, 2, 8}
{392, 99, 28, 144, 2, 1}{424, 116, 42, 87, 2, 2}{526, 139, 44, 117, 2, 3}{652, 157, 48, 139, 2, 4}{634, 194, 61, 116, 2, 5}{804, 234, 66, 140, 2, 6}{829, 302, 79, 161, 2, 7}{854, 408, 87, 194, 2, 8}
{380, 101, 28, 144, 2, 1}{424, 116, 42, 87, 2, 2}{516, 143, 44, 117, 2, 3}{652, 157, 48, 139, 2, 4}{628, 195, 61, 116, 2, 5}{810, 232, 66, 140, 2, 6}{852, 286, 84, 109, 2, 7}{876, 405, 100, 170, 2, 8}
{378, 108, 34, 142, 2, 1}{410, 126, 35, 106, 2, 2}{517, 140, 52, 86, 2, 3}{653, 157, 48, 139, 2, 4}{622, 194, 61, 116, 2, 5}{798, 232, 66, 140, 2, 6}{857, 286, 77, 143, 2, 7}{882, 406, 90, 153, 2, 8}
{378, 108, 34, 142, 2, 1}{410, 126, 35, 106, 2, 2}{517, 140, 52, 86, 2, 3}{654, 157, 48, 139, 2, 4}{614, 197, 61, 116, 2, 5}{790, 234, 66, 140, 2, 6}{864, 288, 74, 105, 2, 7}{0, 0, 0, 0, 2, 8}
{364, 112, 34, 142, 2, 1}{398, 130, 35, 106, 2, 2}{511, 142, 52, 86, 2, 3}{644, 177, 40, 118, 2, 4}{608, 200, 61, 116, 2, 5}{782, 238, 66, 140, 2, 6}{817, 298, 70, 152, 2, 7}{0, 0, 0, 0, 2, 8}
{348, 111, 47, 145, 2, 1}{381, 138, 34, 95, 2, 2}{489, 154, 50, 115, 2, 3}{644, 177, 40, 118, 2, 4}{604, 203, 61, 116, 2, 5}{770, 242, 66, 140, 2, 6}{820, 299, 68, 150, 2, 7}{875, 414, 79, 127, 2, 8}
{348, 111, 47, 145, 2, 1}{381, 138, 34, 95, 2, 2}{489, 154, 50, 115, 2, 3}{637, 181, 40, 118, 2, 4}{604, 208, 61, 116, 2, 5}{770, 244, 66, 140, 2, 6}{820, 295, 73, 139, 2, 7}{869, 411, 88, 147, 2, 8}
{339, 114, 47, 145, 2, 1}{373, 141, 34, 95, 2, 2}{481, 157, 50, 115, 2, 3}{629, 185, 40, 118, 2, 4}{598, 209, 61, 116, 2, 5}{766, 246, 66, 140, 2, 6}{814, 298, 66, 116, 2, 7}{869, 403, 96, 134, 2, 8}
{332, 125, 37, 138, 2, 1}{373, 146, 41, 77, 2, 2}{476, 160, 50, 115, 2, 3}{633, 186, 39, 99, 2, 4}{592, 212, 61, 116, 2, 5}{760, 248, 66, 140, 2, 6}{812, 290, 82, 119, 2, 7}{0, 0, 0, 0, 2, 8}
{332, 125, 37, 138, 2, 1}{373, 146, 41, 77, 2, 2}{469, 162, 50, 115, 2, 3}{633, 186, 39, 99, 2, 4}{584, 215, 61, 116, 2, 5}{754, 246, 66, 140, 2, 6}{811, 284, 86, 120, 2, 7}{0, 0, 0, 0, 2, 8}
{322, 128, 37, 138, 2, 1}{350, 155, 33, 91, 2, 2}{467, 168, 48, 93, 2, 3}{633, 186, 39, 99, 2, 4}{582, 216, 61, 116, 2, 5}{746, 248, 66, 140, 2, 6}{793, 310, 67, 141, 2, 7}{0, 0, 0, 0, 2, 8}
{340, 129, 38, 113, 2, 1}{350, 155, 33, 91, 2, 2}{467, 168, 48, 93, 2, 3}{633, 186, 39, 99, 2, 4}{576, 217, 61, 116, 2, 5}{740, 248, 66, 140, 2, 6}{793, 315, 68, 129, 2, 7}{0, 0, 0, 0, 2, 8}
{340, 129, 38, 113, 2, 1}{342, 158, 33, 91, 2, 2}{462, 170, 48, 93, 2, 3}{627, 191, 36, 91, 2, 4}{574, 220, 61, 116, 2, 5}{742, 250, 66, 140, 2, 6}{792, 306, 70, 121, 2, 7}{0, 0, 0, 0, 2, 8}
{339, 131, 38, 113, 2, 1}{321, 159, 40, 107, 2, 2}{456, 173, 47, 98, 2, 3}{627, 191, 36, 91, 2, 4}{572, 221, 61, 116, 2, 5}{744, 252, 66, 140, 2, 6}{798, 315, 54, 112, 2, 7}{0, 0, 0, 0, 2, 8}
{336, 138, 35, 119, 2, 1}{321, 159, 40, 107, 2, 2}{456, 173, 47, 98, 2, 3}{603, 197, 36, 91, 2, 4}{570, 222, 61, 116, 2, 5}{736, 252, 66, 140, 2, 6}{811, 303, 68, 108, 2, 7}{0, 0, 0, 0, 2, 8}
{336, 138, 35, 119, 2, 1}{312, 162, 40, 107, 2, 2}{450, 175, 47, 98, 2, 3}{603, 197, 36, 91, 2, 4}{566, 221, 61, 116, 2, 5}{732, 252, 66, 140, 2, 6}{796, 304, 62, 118, 2, 7}{0, 0, 0, 0, 2, 8}
{326, 140, 35, 119, 2, 1}{330, 159, 49, 86, 2, 2}{440, 177, 52, 98, 2, 3}{577, 193, 43, 111, 2, 4}{562, 222, 61, 116, 2, 5}{730, 252, 66, 140, 2, 6}{809, 305, 63, 106, 2, 7}{0, 0, 0, 0, 2, 8}
{316, 144, 35, 119, 2, 1}{330, 159, 49, 86, 2, 2}{440, 177, 52, 98, 2, 3}{577, 193, 43, 111, 2, 4}{556, 221, 61, 116, 2, 5}{728, 250, 66, 140, 2, 6}{817, 300, 69, 113, 2, 7}{0, 0, 0, 0, 2, 8}
{316, 144, 35, 119, 2, 1}{332, 160, 49, 86, 2, 2}{433, 179, 52, 98, 2, 3}{572, 194, 43, 111, 2, 4}{556, 222, 61, 116, 2, 5}{728, 250, 66, 140, 2, 6}{803, 303, 68, 119, 2, 7}{0, 0, 0, 0, 2, 8}
{308, 146, 35, 119, 2, 1}{322, 162, 44, 80, 2, 2}{430, 180, 52, 98, 2, 3}{585, 188, 49, 93, 2, 4}{552, 223, 61, 116, 2, 5}{726, 250, 66, 140, 2, 6}{809, 308, 60, 119, 2, 7}{0, 0, 0, 0, 2, 8}
{307, 135, 44, 105, 2, 1}{322, 162, 44, 80, 2, 2}{433, 180, 52, 98, 2, 3}{585, 188, 49, 93, 2, 4}{550, 226, 61, 116, 2, 5}{724, 250, 66, 140, 2, 6}{814, 301, 67, 100, 2, 7}{0, 0, 0, 0, 2, 8}
{307, 135, 44, 105, 2, 1}{299, 172, 43, 100, 2, 2}{409, 189, 45, 119, 2, 3}{579, 191, 49, 93, 2, 4}{550, 227, 61, 116, 2, 5}{724, 252, 66, 140, 2, 6}{801, 307, 60, 105, 2, 7}{0, 0, 0, 0, 2, 8}
{293, 149, 36, 119, 2, 1}{299, 172, 43, 100, 2, 2}{409, 189, 45, 119, 2, 3}{567, 211, 27, 106, 2, 4}{550, 228, 61, 116, 2, 5}{720, 254, 66, 140, 2, 6}{807, 299, 74, 85, 2, 7}{0, 0, 0, 0, 2, 8}
{293, 149, 36, 119, 2, 1}{293, 175, 43, 100, 2, 2}{404, 192, 45, 119, 2, 3}{571, 207, 37, 89, 2, 4}{548, 229, 61, 116, 2, 5}{716, 256, 66, 140, 2, 6}{796, 294, 77, 103, 2, 7}{0, 0, 0, 0, 2, 8}
{285, 164, 32, 112, 2, 1}{284, 177, 43, 100, 2, 2}{399, 194, 45, 119, 2, 3}{571, 207, 37, 89, 2, 4}{544, 234, 61, 116, 2, 5}{712, 256, 66, 140, 2, 6}{779, 297, 78, 122, 2, 7}{0, 0, 0, 0, 2, 8}
{285, 164, 32, 112, 2, 1}{284, 177, 43, 100, 2, 2}{418, 195, 49, 88, 2, 3}{570, 209, 39, 102, 2, 4}{538, 235, 61, 116, 2, 5}{708, 258, 66, 140, 2, 6}{781, 314, 70, 127, 2, 7}{0, 0, 0, 0, 2, 8}
{282, 166, 32, 112, 2, 1}{283, 179, 43, 100, 2, 2}{418, 195, 49, 88, 2, 3}{570, 209, 39, 102, 2, 4}{540, 236, 61, 116, 2, 5}{708, 260, 66, 140, 2, 6}{779, 323, 57, 115, 2, 7}{0, 0, 0, 0, 2, 8}
{284, 157, 39, 101, 2, 1}{285, 180, 43, 100, 2, 2}{420, 195, 49, 88, 2, 3}{568, 209, 39, 102, 2, 4}{546, 235, 61, 116, 2, 5}{712, 260, 66, 140, 2, 6}{776, 319, 69, 116, 2, 7}{0, 0, 0, 0, 2, 8}
{284, 157, 39, 101, 2, 1}{284, 182, 43, 100, 2, 2}{415, 197, 56, 94, 2, 3}{570, 211, 43, 106, 2, 4}{548, 236, 61, 116, 2, 5}{718, 258, 66, 140, 2, 6}{792, 317, 71, 99, 2, 7}{0, 0, 0, 0, 2, 8}
{282, 158, 39, 101, 2, 1}{284, 185, 42, 106, 2, 2}{415, 197, 56, 94, 2, 3}{570, 211, 43, 106, 2, 4}{548, 237, 61, 116, 2, 5}{718, 260, 66, 140, 2, 6}{786, 317, 67, 106, 2, 7}{882, 382, 83, 99, 2, 8}