#Header, frames per second, video resolution(hight width), total number of frames in video.
FPS: 30
RES: 1080 1920
TNF: 216
Skip: 3
#Data x, y, h, w, c, and l always in this order, for each lane. Sorted in order.
{574, 292, 29, 93, 2, 1}{728, 308, 38, 70, 2, 2}{774, 346, 27, 113, 2, 3}{766, 382, 39, 132, 2, 4}{575, 419, 51, 150, 2, 5}{777, 498, 67, 188, 2, 6}{407, 622, 75, 261, 2, 7}{0, 805, 100, 168, 2, 8}
{609, 287, 33, 71, 2, 1}{723, 312, 30, 74, 2, 2}{773, 345, 34, 131, 2, 3}{776, 385, 35, 117, 2, 4}{593, 417, 55, 152, 2, 5}{819, 492, 67, 169, 2, 6}{407, 622, 75, 261, 2, 7}{25, 783, 106, 173, 2, 8}
{614, 290, 30, 74, 2, 1}{736, 312, 21, 78, 2, 2}{782, 339, 43, 135, 2, 3}{792, 382, 38, 114, 2, 4}{611, 423, 56, 176, 2, 5}{834, 495, 70, 187, 2, 6}{414, 623, 75, 261, 2, 7}{68, 768, 102, 154, 2, 8}
{635, 286, 38, 61, 2, 1}{745, 312, 27, 74, 2, 2}{800, 343, 34, 138, 2, 3}{810, 379, 45, 120, 2, 4}{641, 424, 39, 188, 2, 5}{861, 492, 76, 181, 2, 6}{453, 621, 76, 238, 2, 7}{101, 765, 121, 112, 2, 8}
{641, 283, 35, 69, 2, 1}{736, 312, 28, 88, 2, 2}{818, 340, 39, 154, 2, 3}{818, 385, 23, 120, 2, 4}{641, 435, 32, 201, 2, 5}{869, 501, 61, 223, 2, 6}{453, 621, 76, 238, 2, 7}{168, 784, 77, 120, 2, 8}
{644, 287, 33, 76, 2, 1}{744, 309, 37, 88, 2, 2}{821, 345, 34, 149, 2, 3}{837, 380, 37, 115, 2, 4}{652, 430, 36, 202, 2, 5}{906, 503, 60, 234, 2, 6}{466, 610, 81, 281, 2, 7}{203, 752, 142, 202, 2, 8}
{641, 289, 31, 92, 2, 1}{765, 315, 31, 80, 2, 2}{827, 342, 37, 141, 2, 3}{859, 380, 33, 130, 2, 4}{651, 423, 43, 207, 2, 5}{930, 507, 63, 189, 2, 6}{498, 612, 87, 267, 2, 7}{1, 789, 105, 459, 2, 8}
{660, 289, 28, 79, 2, 1}{769, 317, 32, 97, 2, 2}{830, 354, 32, 137, 2, 3}{854, 380, 39, 148, 2, 4}{628, 429, 38, 236, 2, 5}{922, 509, 56, 197, 2, 6}{543, 613, 80, 250, 2, 7}{3, 787, 108, 476, 2, 8}
{665, 290, 28, 93, 2, 1}{787, 312, 33, 93, 2, 2}{832, 346, 30, 159, 2, 3}{862, 382, 34, 150, 2, 4}{644, 427, 36, 209, 2, 5}{946, 501, 58, 165, 2, 6}{567, 600, 99, 251, 2, 7}{81, 796, 98, 408, 2, 8}
{670, 292, 26, 98, 2, 1}{806, 315, 31, 89, 2, 2}{842, 346, 33, 181, 2, 3}{872, 382, 38, 140, 2, 4}{660, 424, 45, 214, 2, 5}{922, 509, 54, 240, 2, 6}{620, 599, 97, 214, 2, 7}{101, 805, 92, 223, 2, 8}
{654, 295, 26, 111, 2, 1}{787, 315, 34, 130, 2, 2}{840, 348, 35, 176, 2, 3}{880, 388, 29, 136, 2, 4}{699, 416, 62, 181, 2, 5}{952, 498, 70, 193, 2, 6}{596, 612, 79, 308, 2, 7}{62, 808, 75, 316, 2, 8}
{665, 295, 23, 116, 2, 1}{781, 320, 28, 138, 2, 2}{874, 352, 34, 150, 2, 3}{867, 383, 38, 156, 2, 4}{689, 420, 43, 209, 2, 5}{951, 500, 59, 213, 2, 6}{641, 621, 79, 265, 2, 7}{91, 808, 86, 338, 2, 8}
{672, 295, 23, 105, 2, 1}{793, 312, 37, 116, 2, 2}{872, 336, 40, 180, 2, 3}{901, 380, 41, 144, 2, 4}{708, 417, 59, 207, 2, 5}{981, 501, 65, 205, 2, 6}{681, 625, 65, 242, 2, 7}{126, 805, 92, 363, 2, 8}
{672, 287, 31, 113, 2, 1}{792, 315, 34, 115, 2, 2}{872, 342, 41, 177, 2, 3}{912, 385, 31, 137, 2, 4}{741, 421, 54, 216, 2, 5}{1015, 495, 64, 197, 2, 6}{718, 630, 63, 221, 2, 7}{247, 792, 113, 282, 2, 8}
{699, 292, 31, 72, 2, 1}{797, 315, 34, 126, 2, 2}{890, 345, 35, 187, 2, 3}{935, 383, 31, 134, 2, 4}{741, 423, 50, 237, 2, 5}{1028, 494, 62, 207, 2, 6}{692, 621, 75, 243, 2, 7}{309, 773, 129, 247, 2, 8}
{700, 293, 30, 89, 2, 1}{793, 318, 27, 135, 2, 2}{936, 345, 35, 161, 2, 3}{960, 382, 32, 122, 2, 4}{763, 424, 46, 229, 2, 5}{1074, 489, 81, 188, 2, 6}{684, 625, 59, 273, 2, 7}{290, 770, 124, 273, 2, 8}
{708, 293, 24, 76, 2, 1}{808, 312, 34, 138, 2, 2}{933, 345, 35, 181, 2, 3}{951, 373, 44, 144, 2, 4}{774, 433, 46, 223, 2, 5}{1098, 504, 56, 217, 2, 6}{712, 618, 69, 276, 2, 7}{290, 793, 127, 281, 2, 8}
{0, 0, 0, 0, 2, 1}{834, 308, 40, 113, 2, 2}{965, 349, 34, 164, 2, 3}{972, 376, 35, 145, 2, 4}{787, 426, 40, 229, 2, 5}{1124, 507, 53, 221, 2, 6}{800, 600, 94, 205, 2, 7}{285, 764, 140, 446, 2, 8}
{0, 0, 0, 0, 2, 1}{859, 308, 41, 100, 2, 2}{967, 349, 30, 176, 2, 3}{986, 373, 47, 152, 2, 4}{779, 427, 49, 244, 2, 5}{1105, 504, 59, 253, 2, 6}{789, 593, 90, 248, 2, 7}{306, 789, 91, 475, 2, 8}
{0, 0, 0, 0, 2, 1}{869, 312, 34, 96, 2, 2}{962, 354, 28, 189, 2, 3}{984, 380, 41, 161, 2, 4}{808, 429, 43, 197, 2, 5}{1129, 504, 61, 236, 2, 6}{798, 593, 91, 262, 2, 7}{319, 786, 119, 502, 2, 8}
{0, 0, 0, 0, 2, 1}{874, 314, 35, 117, 2, 2}{964, 354, 25, 216, 2, 3}{996, 377, 39, 152, 2, 4}{810, 420, 56, 219, 2, 5}{1132, 509, 50, 241, 5, 6}{814, 591, 98, 276, 2, 7}{378, 795, 115, 476, 2, 8}
{0, 0, 0, 0, 2, 1}{888, 314, 32, 119, 2, 2}{955, 352, 28, 196, 2, 3}{1004, 382, 34, 162, 2, 4}{835, 414, 68, 209, 2, 5}{1145, 511, 48, 240, 5, 6}{858, 603, 80, 295, 2, 7}{399, 810, 85, 420, 2, 8}
{0, 0, 0, 0, 2, 1}{880, 312, 36, 144, 2, 2}{941, 349, 24, 226, 2, 3}{1016, 379, 35, 142, 2, 4}{819, 417, 61, 233, 2, 5}{1140, 513, 38, 253, 5, 6}{851, 606, 74, 342, 2, 7}{380, 801, 82, 500, 2, 8}
{0, 0, 0, 0, 2, 1}{885, 306, 43, 147, 2, 2}{1000, 351, 29, 169, 2, 3}{1032, 379, 31, 158, 2, 4}{901, 421, 54, 170, 2, 5}{1137, 510, 47, 250, 5, 6}{883, 601, 85, 345, 2, 7}{392, 808, 103, 467, 2, 8}
{0, 0, 0, 0, 2, 1}{895, 320, 32, 144, 2, 2}{976, 339, 43, 201, 2, 3}{1037, 379, 41, 154, 2, 4}{917, 424, 48, 218, 2, 5}{1135, 511, 48, 260, 5, 6}{877, 610, 68, 340, 2, 7}{428, 810, 106, 396, 2, 8}
{793, 286, 29, 84, 2, 1}{915, 321, 25, 129, 2, 2}{1007, 333, 53, 194, 2, 3}{1042, 380, 39, 159, 2, 4}{931, 421, 52, 220, 2, 5}{1145, 511, 48, 252, 5, 6}{936, 622, 61, 286, 2, 7}{458, 798, 112, 408, 2, 8}
{806, 286, 31, 79, 2, 1}{912, 318, 36, 145, 2, 2}{994, 343, 33, 220, 2, 3}{1066, 374, 46, 148, 2, 4}{959, 421, 54, 199, 2, 5}{1148, 509, 53, 233, 5, 6}{933, 621, 56, 303, 2, 7}{673, 777, 124, 223, 2, 8}
{802, 284, 39, 89, 2, 1}{925, 320, 28, 141, 2, 2}{1041, 337, 36, 189, 2, 3}{1073, 374, 49, 152, 2, 4}{943, 426, 41, 215, 2, 5}{1154, 503, 67, 230, 5, 6}{975, 624, 60, 295, 2, 7}{683, 770, 141, 247, 2, 8}
{827, 281, 31, 72, 2, 1}{949, 309, 46, 128, 2, 2}{1050, 348, 41, 169, 2, 3}{1097, 380, 39, 155, 2, 4}{960, 426, 43, 206, 2, 5}{1161, 504, 66, 223, 5, 6}{997, 615, 65, 292, 2, 7}{697, 753, 139, 263, 2, 8}
{830, 289, 25, 77, 2, 1}{957, 320, 28, 128, 2, 2}{1097, 348, 32, 139, 5, 3}{1103, 376, 47, 154, 2, 4}{951, 433, 50, 208, 2, 5}{1161, 504, 66, 223, 5, 6}{991, 612, 78, 324, 2, 7}{848, 750, 139, 183, 2, 8}
{838, 290, 27, 82, 2, 1}{960, 314, 34, 135, 2, 2}{1108, 352, 31, 141, 5, 3}{1129, 382, 35, 147, 2, 4}{952, 423, 50, 231, 2, 5}{1160, 504, 66, 223, 5, 6}{1031, 604, 80, 309, 2, 7}{832, 786, 108, 292, 2, 8}
{851, 286, 31, 95, 2, 1}{989, 314, 32, 120, 2, 2}{1109, 345, 34, 138, 5, 3}{1142, 379, 37, 129, 2, 4}{970, 421, 58, 221, 2, 5}{1161, 504, 66, 223, 5, 6}{1047, 596, 94, 311, 2, 7}{800, 799, 96, 329, 2, 8}
{856, 284, 34, 95, 2, 1}{983, 315, 33, 147, 2, 2}{1101, 339, 40, 143, 5, 3}{1142, 377, 43, 133, 5, 4}{1004, 417, 61, 202, 2, 5}{1160, 504, 66, 223, 5, 6}{1092, 599, 82, 322, 2, 7}{789, 814, 90, 391, 2, 8}
{861, 287, 34, 104, 2, 1}{989, 312, 37, 145, 2, 2}{1114, 331, 48, 130, 5, 3}{1137, 376, 41, 120, 5, 4}{1050, 411, 62, 173, 2, 5}{1159, 504, 66, 223, 5, 6}{1124, 606, 78, 326, 2, 7}{790, 798, 91, 384, 2, 8}
{859, 287, 33, 106, 2, 1}{986, 320, 34, 154, 2, 2}{1117, 333, 43, 114, 5, 3}{1158, 376, 37, 110, 5, 4}{1071, 411, 61, 175, 2, 5}{1162, 506, 66, 223, 5, 6}{1150, 622, 59, 325, 2, 7}{782, 807, 128, 421, 2, 8}
{878, 290, 25, 97, 2, 1}{1002, 317, 34, 140, 2, 2}{1135, 331, 55, 96, 5, 3}{1156, 374, 43, 101, 5, 4}{1097, 429, 49, 197, 2, 5}{1177, 483, 90, 234, 5, 6}{1158, 622, 64, 314, 5, 7}{760, 815, 115, 439, 2, 8}
{878, 287, 31, 87, 2, 1}{1007, 321, 28, 135, 2, 2}{1162, 326, 53, 73, 5, 3}{1156, 374, 43, 101, 5, 4}{1124, 420, 49, 176, 2, 5}{1177, 483, 90, 234, 5, 6}{1182, 621, 60, 268, 5, 7}{782, 810, 112, 448, 2, 8}
{880, 292, 26, 92, 2, 1}{1018, 315, 30, 144, 2, 2}{1162, 326, 53, 73, 5, 3}{1157, 374, 43, 101, 5, 4}{1140, 435, 34, 170, 2, 5}{1177, 483, 90, 234, 5, 6}{1209, 619, 56, 257, 5, 7}{835, 805, 133, 374, 2, 8}
{890, 289, 29, 98, 2, 1}{1005, 317, 34, 165, 2, 2}{1162, 330, 50, 89, 5, 3}{1158, 374, 43, 101, 5, 4}{1142, 430, 39, 184, 2, 5}{1177, 483, 90, 234, 5, 6}{1191, 615, 71, 276, 5, 7}{854, 807, 118, 408, 2, 8}
{898, 289, 32, 96, 2, 1}{1020, 318, 31, 155, 2, 2}{1162, 330, 50, 89, 5, 3}{1158, 375, 43, 101, 5, 4}{1177, 430, 40, 141, 2, 5}{1177, 483, 90, 234, 5, 6}{1203, 613, 67, 264, 5, 7}{878, 799, 123, 429, 2, 8}
{890, 287, 31, 109, 2, 1}{1032, 311, 34, 148, 2, 2}{1162, 330, 50, 89, 5, 3}{1178, 368, 53, 106, 5, 4}{1126, 433, 40, 179, 5, 5}{1177, 483, 90, 234, 5, 6}{1211, 601, 88, 235, 5, 7}{903, 780, 130, 444, 2, 8}
{907, 287, 34, 101, 2, 1}{1049, 311, 41, 147, 2, 2}{1169, 326, 53, 85, 5, 3}{1178, 368, 53, 106, 5, 4}{1154, 435, 41, 158, 5, 5}{1179, 483, 90, 234, 5, 6}{1225, 610, 76, 265, 5, 7}{955, 749, 177, 385, 2, 8}
{923, 290, 31, 101, 2, 1}{1071, 318, 30, 132, 2, 2}{1169, 326, 53, 85, 5, 3}{1179, 368, 53, 106, 5, 4}{1150, 430, 46, 171, 5, 5}{1181, 485, 90, 234, 5, 6}{1225, 610, 76, 265, 5, 7}{978, 770, 130, 480, 2, 8}
{946, 287, 36, 96, 2, 1}{1082, 314, 34, 129, 5, 2}{1169, 326, 53, 85, 5, 3}{1179, 368, 53, 106, 5, 4}{1140, 432, 34, 170, 5, 5}{1238, 482, 90, 181, 5, 6}{1226, 612, 76, 265, 5, 7}{1010, 787, 102, 467, 2, 8}
{935, 287, 30, 106, 2, 1}{1081, 317, 29, 131, 5, 2}{1169, 326, 53, 85, 5, 3}{1179, 368, 53, 106, 5, 4}{1145, 423, 50, 178, 5, 5}{1238, 482, 90, 181, 5, 6}{1227, 612, 76, 265, 5, 7}{1058, 786, 112, 430, 2, 8}
{946, 287, 33, 114, 2, 1}{1092, 312, 36, 133, 5, 2}{1169, 326, 53, 85, 5, 3}{1179, 368, 53, 106, 5, 4}{1158, 426, 43, 165, 5, 5}{1237, 482, 90, 181, 5, 6}{1228, 614, 76, 265, 5, 7}{1079, 802, 108, 476, 2, 8}
{952, 290, 33, 108, 2, 1}{1108, 314, 32, 112, 5, 2}{1169, 326, 53, 85, 5, 3}{1179, 368, 53, 106, 5, 4}{1170, 414, 61, 142, 5, 5}{1238, 482, 90, 181, 5, 6}{1227, 614, 76, 265, 5, 7}{1090, 815, 95, 491, 2, 8}
{947, 292, 26, 118, 2, 1}{1113, 312, 37, 98, 5, 2}{1169, 326, 53, 85, 5, 3}{1201, 367, 60, 87, 5, 4}{1175, 419, 54, 127, 5, 5}{1237, 482, 90, 181, 5, 6}{1230, 614, 76, 265, 5, 7}{1121, 820, 81, 486, 2, 8}
{941, 286, 32, 122, 2, 1}{1113, 311, 41, 88, 5, 2}{1169, 326, 53, 85, 5, 3}{1201, 367, 60, 87, 5, 4}{1182, 417, 59, 123, 5, 5}{1238, 482, 90, 181, 5, 6}{1284, 585, 112, 222, 5, 7}{1135, 815, 93, 518, 2, 8}
{957, 283, 41, 114, 2, 1}{1124, 308, 41, 85, 5, 2}{1169, 326, 53, 85, 5, 3}{1201, 367, 60, 87, 5, 4}{1175, 417, 58, 127, 5, 5}{1237, 482, 90, 181, 5, 6}{1284, 585, 112, 222, 5, 7}{1169, 808, 103, 516, 2, 8}
{965, 280, 37, 111, 2, 1}{1124, 308, 41, 85, 5, 2}{1169, 326, 53, 85, 5, 3}{1201, 367, 60, 87, 5, 4}{1204, 414, 72, 108, 5, 5}{1238, 482, 90, 181, 5, 6}{1284, 585, 112, 222, 5, 7}{1183, 789, 122, 475, 5, 8}
{967, 283, 38, 120, 2, 1}{1124, 308, 41, 85, 5, 2}{1169, 326, 53, 85, 5, 3}{1201, 367, 60, 87, 5, 4}{1204, 414, 72, 108, 5, 5}{1239, 484, 90, 181, 5, 6}{1284, 587, 112, 222, 5, 7}{1211, 792, 105, 461, 5, 8}
{975, 287, 33, 122, 2, 1}{1123, 308, 41, 85, 5, 2}{1190, 331, 48, 61, 5, 3}{1201, 367, 60, 87, 5, 4}{1204, 414, 72, 108, 5, 5}{1240, 482, 90, 181, 5, 6}{1286, 585, 112, 222, 5, 7}{1227, 793, 132, 476, 5, 8}
{1002, 290, 24, 106, 2, 1}{1124, 308, 41, 85, 5, 2}{1190, 331, 48, 61, 5, 3}{1201, 367, 60, 87, 5, 4}{1202, 414, 72, 108, 5, 5}{1239, 484, 90, 181, 5, 6}{1286, 587, 112, 222, 5, 7}{1255, 796, 130, 442, 5, 8}
{1016, 277, 43, 114, 2, 1}{1123, 308, 41, 85, 5, 2}{1190, 331, 48, 61, 5, 3}{1201, 367, 60, 87, 5, 4}{1200, 414, 72, 108, 5, 5}{1240, 482, 90, 181, 5, 6}{1286, 587, 112, 222, 5, 7}{1265, 792, 127, 424, 5, 8}
{1018, 290, 24, 112, 2, 1}{1124, 308, 41, 85, 5, 2}{1190, 331, 48, 61, 5, 3}{1201, 367, 60, 87, 5, 4}{1200, 414, 72, 108, 5, 5}{1239, 484, 90, 181, 5, 6}{1286, 587, 112, 222, 5, 7}{1288, 787, 142, 389, 5, 8}
{1000, 292, 32, 129, 2, 1}{1122, 308, 41, 85, 5, 2}{1190, 331, 48, 61, 5, 3}{1201, 367, 60, 87, 5, 4}{1200, 414, 72, 108, 5, 5}{1240, 482, 90, 181, 5, 6}{1286, 587, 112, 222, 5, 7}{1313, 777, 158, 379, 5, 8}
{1032, 290, 28, 111, 2, 1}{1120, 309, 41, 85, 5, 2}{1190, 330, 48, 61, 5, 3}{1201, 367, 60, 87, 5, 4}{1200, 414, 72, 108, 5, 5}{1239, 484, 90, 181, 5, 6}{1286, 589, 112, 222, 5, 7}{1356, 780, 164, 333, 5, 8}
{1028, 286, 31, 134, 2, 1}{1121, 309, 41, 85, 5, 2}{1190, 330, 48, 61, 5, 3}{1201, 367, 60, 87, 5, 4}{1200, 414, 72, 108, 5, 5}{1240, 482, 90, 181, 5, 6}{1286, 591, 112, 222, 5, 7}{1356, 780, 164, 333, 5, 8}
{1024, 287, 25, 132, 2, 1}{1150, 302, 46, 57, 5, 2}{1190, 330, 48, 61, 5, 3}{1201, 367, 60, 87, 5, 4}{1220, 416, 69, 114, 5, 5}{1239, 484, 90, 181, 5, 6}{1286, 589, 112, 222, 5, 7}{1357, 782, 164, 333, 5, 8}
{1036, 287, 36, 122, 2, 1}{1150, 302, 46, 57, 5, 2}{1190, 330, 48, 61, 5, 3}{1201, 367, 60, 87, 5, 4}{1220, 416, 69, 114, 5, 5}{1240, 482, 90, 181, 5, 6}{1286, 589, 112, 222, 5, 7}{1358, 782, 164, 333, 5, 8}
{1036, 289, 31, 120, 2, 1}{1151, 302, 46, 57, 5, 2}{1190, 330, 48, 61, 5, 3}{1201, 367, 60, 87, 5, 4}{1220, 415, 69, 114, 5, 5}{1239, 484, 90, 181, 5, 6}{1286, 591, 112, 222, 5, 7}{1446, 779, 194, 209, 5, 8}
{1049, 293, 27, 107, 2, 1}{1152, 302, 46, 57, 5, 2}{1190, 330, 48, 61, 5, 3}{1201, 367, 60, 87, 5, 4}{1222, 416, 69, 114, 5, 5}{1240, 482, 90, 181, 5, 6}{1288, 589, 112, 222, 5, 7}{1458, 784, 170, 182, 5, 8}
{1034, 289, 31, 132, 2, 1}{1152, 302, 46, 57, 5, 2}{1190, 330, 48, 61, 5, 3}{1201, 367, 60, 87, 5, 4}{1224, 415, 69, 114, 5, 5}{1239, 484, 90, 181, 5, 6}{1290, 591, 112, 222, 5, 7}{1467, 780, 179, 239, 5, 8}
{1045, 289, 26, 127, 2, 1}{1152, 303, 46, 57, 5, 2}{1190, 330, 48, 61, 5, 3}{1201, 367, 60, 87, 5, 4}{1222, 416, 69, 114, 5, 5}{1240, 482, 90, 181, 5, 6}{1288, 591, 112, 222, 5, 7}{1467, 780, 179, 239, 5, 8}
{1052, 289, 28, 123, 2, 1}{1152, 302, 46, 57, 5, 2}{1190, 330, 48, 61, 5, 3}{1201, 367, 60, 87, 5, 4}{1224, 415, 69, 114, 5, 5}{1239, 484, 90, 181, 5, 6}{1290, 591, 112, 222, 5, 7}{1468, 781, 179, 239, 5, 8}
{1105, 290, 24, 78, 5, 1}{1152, 302, 46, 57, 5, 2}{1190, 330, 48, 61, 5, 3}{1202, 368, 60, 87, 5, 4}{1224, 416, 69, 114, 5, 5}{1240, 482, 90, 181, 5, 6}{1288, 591, 112, 222, 5, 7}{1467, 780, 179, 239, 5, 8}
{1100, 287, 36, 93, 5, 1}{1152, 302, 46, 57, 5, 2}{1190, 330, 48, 61, 5, 3}{1203, 368, 60, 87, 5, 4}{1224, 415, 69, 114, 5, 5}{1239, 484, 90, 181, 5, 6}{1324, 584, 124, 191, 5, 7}{1466, 783, 179, 239, 5, 8}
{1095, 284, 31, 98, 5, 1}{1151, 302, 46, 57, 5, 2}{1190, 330, 48, 61, 5, 3}{1202, 368, 60, 87, 5, 4}{1224, 416, 69, 114, 5, 5}{1242, 482, 90, 181, 5, 6}{1324, 584, 124, 191, 5, 7}{1467, 784, 179, 239, 5, 8}
{1127, 283, 35, 61, 5, 1}{1152, 302, 46, 57, 5, 2}{1190, 330, 48, 61, 5, 3}{1233, 367, 54, 55, 5, 4}{1224, 417, 69, 114, 5, 5}{1241, 484, 90, 181, 5, 6}{1323, 584, 124, 191, 5, 7}{1466, 787, 179, 239, 5, 8}
{1138, 278, 39, 42, 5, 1}{1151, 301, 46, 57, 5, 2}{1190, 330, 48, 61, 5, 3}{1233, 367, 54, 55, 5, 4}{1226, 418, 69, 114, 5, 5}{1310, 489, 79, 101, 5, 6}{1322, 584, 124, 191, 5, 7}{1469, 786, 179, 239, 5, 8}
{1124, 281, 43, 54, 5, 1}{1151, 301, 46, 57, 5, 2}{1190, 330, 48, 61, 5, 3}{1233, 367, 54, 55, 5, 4}{1226, 418, 69, 114, 5, 5}{1309, 488, 79, 101, 5, 6}{1323, 584, 124, 191, 5, 7}{1470, 789, 179, 239, 5, 8}