#Header, frames per second, video resolution(hight width), total number of frames in video.
FPS: 30
RES: 1080 1920
TNF: 78
Skip: 1
#Data x, y, h, w, c, and l always in this order, for each lane. Sorted in order.
{1157, 192, 79, 60, 0, 1}{1140, 283, 38, 41, 5, 1}{1175, 202, 69, 69, 0, 2}{1160, 308, 40, 58, 5, 2}{1197, 219, 93, 81, 0, 3}{1180, 322, 47, 50, 5, 3}{1237, 234, 104, 85, 0, 4}{1227, 392, 55, 51, 5, 4}{1278, 251, 132, 106, 0, 5}{1255, 411, 66, 64, 5, 5}{1339, 299, 141, 126, 0, 6}{1270, 446, 98, 97, 5, 6}{1427, 351, 184, 196, 0, 7}{1337, 544, 125, 117, 5, 7}{1605, 457, 243, 233, 0, 8}
{1157, 192, 79, 60, 0, 1}{1138, 285, 34, 43, 5, 1}{1175, 202, 69, 69, 0, 2}{1160, 309, 42, 57, 5, 2}{1197, 219, 93, 81, 0, 3}{1180, 324, 51, 49, 5, 3}{1230, 234, 107, 92, 0, 4}{1227, 392, 55, 51, 5, 4}{1278, 251, 132, 106, 0, 5}{1255, 414, 64, 61, 5, 5}{1339, 299, 141, 126, 0, 6}{1278, 445, 103, 87, 5, 6}{1427, 351, 184, 196, 0, 7}{1332, 548, 121, 126, 5, 7}{1612, 448, 261, 224, 0, 8}
{1157, 192, 79, 60, 0, 1}{1138, 285, 34, 43, 5, 1}{1175, 202, 69, 69, 0, 2}{1160, 309, 42, 57, 5, 2}{1196, 220, 93, 81, 0, 3}{1180, 324, 51, 49, 5, 3}{1230, 233, 107, 92, 0, 4}{1227, 392, 55, 51, 5, 4}{1278, 251, 132, 106, 0, 5}{1255, 414, 64, 61, 5, 5}{1339, 300, 141, 126, 0, 6}{1278, 445, 103, 87, 5, 6}{1427, 351, 184, 196, 0, 7}{1332, 548, 121, 126, 5, 7}{1608, 455, 256, 228, 0, 8}
{1157, 192, 79, 60, 0, 1}{1138, 285, 34, 43, 5, 1}{1175, 202, 69, 69, 0, 2}{1160, 309, 42, 57, 5, 2}{1195, 219, 93, 81, 0, 3}{1180, 324, 51, 49, 5, 3}{1230, 232, 107, 92, 0, 4}{1227, 392, 55, 51, 5, 4}{1278, 251, 132, 106, 0, 5}{1255, 414, 64, 61, 5, 5}{1339, 299, 141, 126, 0, 6}{1279, 446, 103, 87, 5, 6}{1427, 351, 184, 196, 0, 7}{1332, 549, 121, 126, 5, 7}{1610, 457, 245, 224, 0, 8}
{1157, 192, 79, 60, 0, 1}{1138, 285, 34, 43, 5, 1}{1175, 202, 69, 69, 0, 2}{1160, 309, 42, 57, 5, 2}{1196, 220, 93, 81, 0, 3}{1180, 324, 51, 49, 5, 3}{1230, 233, 107, 92, 0, 4}{1227, 392, 55, 51, 5, 4}{1278, 251, 132, 106, 0, 5}{1255, 414, 64, 61, 5, 5}{1339, 300, 141, 126, 0, 6}{1278, 447, 103, 87, 5, 6}{1427, 351, 184, 196, 0, 7}{1332, 550, 121, 126, 5, 7}{1610, 457, 245, 224, 0, 8}
{1157, 192, 79, 60, 0, 1}{1138, 285, 34, 43, 5, 1}{1175, 202, 69, 69, 0, 2}{1160, 309, 42, 57, 5, 2}{1195, 219, 93, 81, 0, 3}{1180, 324, 51, 49, 5, 3}{1230, 232, 107, 92, 0, 4}{1227, 392, 55, 51, 5, 4}{1278, 251, 132, 106, 0, 5}{1255, 414, 64, 61, 5, 5}{1339, 299, 141, 126, 0, 6}{1279, 446, 103, 87, 5, 6}{1427, 351, 184, 196, 0, 7}{1332, 549, 121, 126, 5, 7}{1610, 458, 245, 224, 0, 8}
{1157, 192, 79, 60, 0, 1}{1138, 285, 34, 43, 5, 1}{1175, 202, 69, 69, 0, 2}{1160, 309, 42, 57, 5, 2}{1196, 220, 93, 81, 0, 3}{1180, 324, 51, 49, 5, 3}{1230, 233, 107, 92, 0, 4}{1227, 392, 55, 51, 5, 4}{1278, 251, 132, 106, 0, 5}{1255, 414, 64, 61, 5, 5}{1339, 300, 141, 126, 0, 6}{1278, 447, 103, 87, 5, 6}{1427, 351, 184, 196, 0, 7}{1332, 550, 121, 126, 5, 7}{1610, 457, 245, 224, 0, 8}
{1157, 192, 79, 60, 0, 1}{1138, 285, 34, 43, 5, 1}{1175, 202, 69, 69, 0, 2}{1160, 309, 42, 57, 5, 2}{1195, 219, 93, 81, 0, 3}{1180, 324, 51, 49, 5, 3}{1230, 232, 107, 92, 0, 4}{1227, 392, 55, 51, 5, 4}{1278, 251, 132, 106, 0, 5}{1255, 414, 64, 61, 5, 5}{1339, 299, 141, 126, 0, 6}{1279, 446, 103, 87, 5, 6}{1427, 351, 184, 196, 0, 7}{1332, 549, 121, 126, 5, 7}{1610, 458, 245, 224, 0, 8}
{1157, 192, 79, 60, 0, 1}{1138, 285, 34, 43, 5, 1}{1175, 202, 69, 69, 0, 2}{1160, 309, 42, 57, 5, 2}{1196, 220, 93, 81, 0, 3}{1180, 324, 51, 49, 5, 3}{1230, 233, 107, 92, 0, 4}{1227, 392, 55, 51, 5, 4}{1278, 251, 132, 106, 0, 5}{1255, 414, 64, 61, 5, 5}{1339, 300, 141, 126, 0, 6}{1278, 447, 103, 87, 5, 6}{1427, 351, 184, 196, 0, 7}{1332, 550, 121, 126, 5, 7}{1610, 457, 245, 224, 0, 8}
{1157, 192, 79, 60, 0, 1}{1138, 285, 34, 43, 5, 1}{1175, 202, 69, 69, 0, 2}{1160, 309, 42, 57, 5, 2}{1195, 219, 93, 81, 0, 3}{1180, 324, 51, 49, 5, 3}{1230, 232, 107, 92, 0, 4}{1227, 392, 55, 51, 5, 4}{1278, 251, 132, 106, 0, 5}{1255, 414, 64, 61, 5, 5}{1339, 299, 141, 126, 0, 6}{1279, 446, 103, 87, 5, 6}{1427, 351, 184, 196, 0, 7}{1332, 549, 121, 126, 5, 7}{1610, 458, 245, 224, 0, 8}
{1157, 192, 79, 60, 0, 1}{1138, 285, 34, 43, 5, 1}{1175, 202, 69, 69, 0, 2}{1160, 309, 42, 57, 5, 2}{1196, 220, 93, 81, 0, 3}{1180, 324, 51, 49, 5, 3}{1230, 233, 107, 92, 0, 4}{1227, 392, 55, 51, 5, 4}{1278, 251, 132, 106, 0, 5}{1255, 414, 64, 61, 5, 5}{1339, 300, 141, 126, 0, 6}{1278, 447, 103, 87, 5, 6}{1427, 351, 184, 196, 0, 7}{1332, 550, 121, 126, 5, 7}{1610, 457, 245, 224, 0, 8}
{1157, 192, 79, 60, 0, 1}{1138, 285, 34, 43, 5, 1}{1175, 202, 69, 69, 0, 2}{1160, 309, 42, 57, 5, 2}{1195, 219, 93, 81, 0, 3}{1180, 324, 51, 49, 5, 3}{1230, 232, 107, 92, 0, 4}{1227, 392, 55, 51, 5, 4}{1278, 251, 132, 106, 0, 5}{1255, 414, 64, 61, 5, 5}{1339, 299, 141, 126, 0, 6}{1279, 446, 103, 87, 5, 6}{1427, 351, 184, 196, 0, 7}{1332, 549, 121, 126, 5, 7}{1610, 458, 245, 224, 0, 8}
{1157, 192, 79, 60, 0, 1}{1138, 285, 34, 43, 5, 1}{1175, 202, 69, 69, 0, 2}{1160, 309, 42, 57, 5, 2}{1196, 220, 93, 81, 0, 3}{1180, 324, 51, 49, 5, 3}{1230, 233, 107, 92, 0, 4}{1227, 392, 55, 51, 5, 4}{1278, 251, 132, 106, 0, 5}{1255, 414, 64, 61, 5, 5}{1339, 300, 141, 126, 0, 6}{1278, 447, 103, 87, 5, 6}{1427, 351, 184, 196, 0, 7}{1332, 550, 121, 126, 5, 7}{1610, 457, 245, 224, 0, 8}
{1157, 192, 79, 60, 0, 1}{1138, 285, 34, 43, 5, 1}{1175, 202, 69, 69, 0, 2}{1160, 309, 42, 57, 5, 2}{1195, 219, 93, 81, 0, 3}{1180, 324, 51, 49, 5, 3}{1230, 232, 107, 92, 0, 4}{1227, 392, 55, 51, 5, 4}{1278, 251, 132, 106, 0, 5}{1255, 414, 64, 61, 5, 5}{1339, 299, 141, 126, 0, 6}{1279, 446, 103, 87, 5, 6}{1427, 351, 184, 196, 0, 7}{1332, 549, 121, 126, 5, 7}{1610, 458, 245, 224, 0, 8}
{1157, 192, 79, 60, 0, 1}{1138, 285, 34, 43, 5, 1}{1175, 202, 69, 69, 0, 2}{1160, 309, 42, 57, 5, 2}{1196, 220, 93, 81, 0, 3}{1180, 324, 51, 49, 5, 3}{1230, 233, 107, 92, 0, 4}{1227, 392, 55, 51, 5, 4}{1278, 251, 132, 106, 0, 5}{1255, 413, 64, 61, 5, 5}{1339, 300, 141, 126, 0, 6}{1278, 447, 103, 87, 5, 6}{1427, 351, 184, 196, 0, 7}{1332, 550, 121, 126, 5, 7}{1610, 457, 245, 224, 0, 8}
{1157, 192, 79, 60, 0, 1}{1138, 285, 34, 43, 5, 1}{1175, 202, 69, 69, 0, 2}{1160, 309, 42, 57, 5, 2}{1195, 219, 93, 81, 0, 3}{1180, 324, 51, 49, 5, 3}{1230, 232, 107, 92, 0, 4}{1227, 392, 55, 51, 5, 4}{1278, 251, 132, 106, 0, 5}{1255, 413, 64, 61, 5, 5}{1339, 299, 141, 126, 0, 6}{1279, 446, 103, 87, 5, 6}{1427, 351, 184, 196, 0, 7}{1332, 549, 121, 126, 5, 7}{1610, 458, 245, 224, 0, 8}
{1157, 192, 79, 60, 0, 1}{1138, 285, 34, 43, 5, 1}{1175, 202, 69, 69, 0, 2}{1160, 309, 42, 57, 5, 2}{1196, 220, 93, 81, 0, 3}{1180, 324, 51, 49, 5, 3}{1230, 233, 107, 92, 0, 4}{1227, 392, 55, 51, 5, 4}{1278, 251, 132, 106, 0, 5}{1255, 413, 64, 61, 5, 5}{1339, 300, 141, 126, 0, 6}{1278, 447, 103, 87, 5, 6}{1427, 351, 184, 196, 0, 7}{1332, 550, 121, 126, 5, 7}{1610, 457, 245, 224, 0, 8}
{1157, 192, 79, 60, 0, 1}{1138, 285, 34, 43, 5, 1}{1175, 202, 69, 69, 0, 2}{1160, 309, 42, 57, 5, 2}{1195, 219, 93, 81, 0, 3}{1180, 324, 51, 49, 5, 3}{1230, 232, 107, 92, 0, 4}{1227, 392, 55, 51, 5, 4}{1278, 251, 132, 106, 0, 5}{1255, 413, 64, 61, 5, 5}{1339, 299, 141, 126, 0, 6}{1279, 446, 103, 87, 5, 6}{1427, 351, 184, 196, 0, 7}{1332, 549, 121, 126, 5, 7}{1610, 458, 245, 224, 0, 8}
{1157, 192, 79, 60, 0, 1}{1138, 285, 34, 43, 5, 1}{1175, 202, 69, 69, 0, 2}{1160, 309, 42, 57, 5, 2}{1196, 220, 93, 81, 0, 3}{1180, 324, 51, 49, 5, 3}{1230, 233, 107, 92, 0, 4}{1227, 392, 55, 51, 5, 4}{1278, 251, 132, 106, 0, 5}{1255, 413, 64, 61, 5, 5}{1339, 300, 141, 126, 0, 6}{1278, 447, 103, 87, 5, 6}{1427, 351, 184, 196, 0, 7}{1332, 550, 121, 126, 5, 7}{1610, 457, 245, 224, 0, 8}
{1157, 192, 79, 60, 0, 1}{1138, 285, 34, 43, 5, 1}{1175, 202, 69, 69, 0, 2}{1160, 309, 42, 57, 5, 2}{1195, 219, 93, 81, 0, 3}{1180, 324, 51, 49, 5, 3}{1230, 232, 107, 92, 0, 4}{1227, 392, 55, 51, 5, 4}{1278, 251, 132, 106, 0, 5}{1255, 413, 64, 61, 5, 5}{1339, 299, 141, 126, 0, 6}{1279, 446, 103, 87, 5, 6}{1427, 351, 184, 196, 0, 7}{1332, 549, 121, 126, 5, 7}{1610, 458, 245, 224, 0, 8}
{1157, 192, 79, 60, 0, 1}{1138, 285, 34, 43, 5, 1}{1175, 202, 69, 69, 0, 2}{1160, 309, 42, 57, 5, 2}{1196, 220, 93, 81, 0, 3}{1180, 324, 51, 49, 5, 3}{1230, 233, 107, 92, 0, 4}{1227, 392, 55, 51, 5, 4}{1278, 251, 132, 106, 0, 5}{1255, 413, 64, 61, 5, 5}{1339, 300, 141, 126, 0, 6}{1278, 447, 103, 87, 5, 6}{1427, 351, 184, 196, 0, 7}{1332, 550, 121, 126, 5, 7}{1610, 457, 245, 224, 0, 8}
{1157, 192, 79, 60, 0, 1}{1138, 285, 34, 43, 5, 1}{1175, 202, 69, 69, 0, 2}{1160, 309, 42, 57, 5, 2}{1195, 219, 93, 81, 0, 3}{1180, 324, 51, 49, 5, 3}{1230, 232, 107, 92, 0, 4}{1227, 392, 55, 51, 5, 4}{1278, 251, 132, 106, 0, 5}{1255, 413, 64, 61, 5, 5}{1339, 299, 141, 126, 0, 6}{1279, 446, 103, 87, 5, 6}{1427, 351, 184, 196, 0, 7}{1332, 549, 121, 126, 5, 7}{1610, 458, 245, 224, 0, 8}
{1157, 192, 79, 60, 0, 1}{1138, 285, 34, 43, 5, 1}{1175, 202, 69, 69, 0, 2}{1160, 309, 42, 57, 5, 2}{1196, 220, 93, 81, 0, 3}{1180, 324, 51, 49, 5, 3}{1230, 233, 107, 92, 0, 4}{1227, 392, 55, 51, 5, 4}{1278, 251, 132, 106, 0, 5}{1255, 413, 64, 61, 5, 5}{1339, 300, 141, 126, 0, 6}{1278, 447, 103, 87, 5, 6}{1427, 351, 184, 196, 0, 7}{1332, 550, 121, 126, 5, 7}{1610, 457, 245, 224, 0, 8}
{1157, 192, 79, 60, 0, 1}{1138, 285, 34, 43, 5, 1}{1175, 202, 69, 69, 0, 2}{1160, 309, 42, 57, 5, 2}{1195, 219, 93, 81, 0, 3}{1180, 324, 51, 49, 5, 3}{1230, 232, 107, 92, 0, 4}{1227, 392, 55, 51, 5, 4}{1278, 251, 132, 106, 0, 5}{1255, 413, 64, 61, 5, 5}{1339, 299, 141, 126, 0, 6}{1279, 446, 103, 87, 5, 6}{1427, 351, 184, 196, 0, 7}{1332, 549, 121, 126, 5, 7}{1610, 458, 245, 224, 0, 8}
{1157, 192, 79, 60, 0, 1}{1138, 285, 34, 43, 5, 1}{1175, 202, 69, 69, 0, 2}{1160, 309, 42, 57, 5, 2}{1196, 220, 93, 81, 0, 3}{1180, 324, 51, 49, 5, 3}{1230, 233, 107, 92, 0, 4}{1227, 392, 55, 51, 5, 4}{1278, 251, 132, 106, 0, 5}{1255, 413, 64, 61, 5, 5}{1339, 300, 141, 126, 0, 6}{1278, 447, 103, 87, 5, 6}{1427, 351, 184, 196, 0, 7}{1332, 550, 121, 126, 5, 7}{1610, 457, 245, 224, 0, 8}
{1157, 192, 79, 60, 0, 1}{1138, 285, 34, 43, 5, 1}{1175, 202, 69, 69, 0, 2}{1160, 309, 42, 57, 5, 2}{1195, 219, 93, 81, 0, 3}{1180, 324, 51, 49, 5, 3}{1230, 232, 107, 92, 0, 4}{1227, 392, 55, 51, 5, 4}{1278, 251, 132, 106, 0, 5}{1255, 413, 64, 61, 5, 5}{1339, 299, 141, 126, 0, 6}{1279, 446, 103, 87, 5, 6}{1427, 351, 184, 196, 0, 7}{1332, 549, 121, 126, 5, 7}{1610, 458, 245, 224, 0, 8}
{1157, 192, 79, 60, 0, 1}{1138, 285, 34, 43, 5, 1}{1175, 202, 69, 69, 0, 2}{1160, 309, 42, 57, 5, 2}{1196, 220, 93, 81, 0, 3}{1180, 324, 51, 49, 5, 3}{1230, 233, 107, 92, 0, 4}{1227, 392, 55, 51, 5, 4}{1278, 251, 132, 106, 0, 5}{1255, 413, 64, 61, 5, 5}{1339, 300, 141, 126, 0, 6}{1278, 447, 103, 87, 5, 6}{1427, 351, 184, 196, 0, 7}{1332, 550, 121, 126, 5, 7}{1610, 457, 245, 224, 0, 8}
{1157, 192, 79, 60, 0, 1}{1138, 285, 34, 43, 5, 1}{1175, 202, 69, 69, 0, 2}{1160, 309, 42, 57, 5, 2}{1195, 219, 93, 81, 0, 3}{1180, 324, 51, 49, 5, 3}{1230, 232, 107, 92, 0, 4}{1227, 392, 55, 51, 5, 4}{1278, 251, 132, 106, 0, 5}{1254, 413, 64, 61, 5, 5}{1339, 299, 141, 126, 0, 6}{1279, 446, 103, 87, 5, 6}{1427, 351, 184, 196, 0, 7}{1332, 549, 121, 126, 5, 7}{1610, 458, 245, 224, 0, 8}
{1157, 192, 79, 60, 0, 1}{1138, 285, 34, 43, 5, 1}{1175, 202, 69, 69, 0, 2}{1160, 309, 42, 57, 5, 2}{1196, 220, 93, 81, 0, 3}{1180, 324, 51, 49, 5, 3}{1230, 233, 107, 92, 0, 4}{1227, 392, 55, 51, 5, 4}{1278, 251, 132, 106, 0, 5}{1253, 413, 64, 61, 5, 5}{1339, 300, 141, 126, 0, 6}{1278, 447, 103, 87, 5, 6}{1427, 351, 184, 196, 0, 7}{1332, 550, 121, 126, 5, 7}{1610, 457, 245, 224, 0, 8}
{1157, 192, 79, 60, 0, 1}{1138, 285, 34, 43, 5, 1}{1175, 202, 69, 69, 0, 2}{1160, 309, 42, 57, 5, 2}{1195, 219, 93, 81, 0, 3}{1180, 324, 51, 49, 5, 3}{1230, 232, 107, 92, 0, 4}{1227, 392, 55, 51, 5, 4}{1278, 251, 132, 106, 0, 5}{1254, 413, 64, 61, 5, 5}{1339, 299, 141, 126, 0, 6}{1279, 446, 103, 87, 5, 6}{1427, 351, 184, 196, 0, 7}{1332, 549, 121, 126, 5, 7}{1612, 458, 245, 224, 0, 8}
{1157, 192, 79, 60, 0, 1}{1138, 285, 34, 43, 5, 1}{1175, 202, 69, 69, 0, 2}{1160, 309, 42, 57, 5, 2}{1196, 220, 93, 81, 0, 3}{1180, 324, 51, 49, 5, 3}{1230, 233, 107, 92, 0, 4}{1227, 392, 55, 51, 5, 4}{1278, 251, 132, 106, 0, 5}{1253, 413, 64, 61, 5, 5}{1337, 300, 141, 126, 0, 6}{1278, 447, 103, 87, 5, 6}{1427, 351, 184, 196, 0, 7}{1332, 550, 121, 126, 5, 7}{1612, 457, 245, 224, 0, 8}
{1157, 192, 79, 60, 0, 1}{1138, 285, 34, 43, 5, 1}{1175, 202, 69, 69, 0, 2}{1160, 309, 42, 57, 5, 2}{1195, 219, 93, 81, 0, 3}{1180, 324, 51, 49, 5, 3}{1230, 232, 107, 92, 0, 4}{1227, 392, 55, 51, 5, 4}{1278, 251, 132, 106, 0, 5}{1254, 413, 64, 61, 5, 5}{1335, 299, 141, 126, 0, 6}{1279, 446, 103, 87, 5, 6}{1427, 351, 184, 196, 0, 7}{1332, 549, 121, 126, 5, 7}{1605, 452, 248, 234, 0, 8}
{1157, 192, 79, 60, 0, 1}{1138, 285, 34, 43, 5, 1}{1174, 203, 69, 69, 0, 2}{1160, 309, 42, 57, 5, 2}{1196, 220, 93, 81, 0, 3}{1180, 324, 51, 49, 5, 3}{1228, 233, 107, 92, 0, 4}{1227, 392, 55, 51, 5, 4}{1276, 251, 132, 106, 0, 5}{1253, 412, 64, 61, 5, 5}{1333, 300, 141, 126, 0, 6}{1278, 447, 103, 87, 5, 6}{1425, 351, 184, 196, 0, 7}{1332, 550, 121, 126, 5, 7}{1592, 461, 242, 251, 0, 8}
{1143, 193, 71, 72, 0, 1}{1138, 285, 34, 43, 5, 1}{1172, 204, 69, 69, 0, 2}{1160, 309, 42, 57, 5, 2}{1193, 219, 93, 81, 0, 3}{1180, 324, 51, 49, 5, 3}{1228, 232, 107, 92, 0, 4}{1227, 392, 55, 51, 5, 4}{1274, 251, 132, 106, 0, 5}{1254, 412, 64, 61, 5, 5}{1329, 299, 141, 126, 0, 6}{1279, 446, 103, 87, 5, 6}{1423, 349, 184, 196, 0, 7}{1332, 549, 121, 126, 5, 7}{1586, 458, 247, 257, 0, 8}
{1143, 193, 71, 72, 0, 1}{1138, 285, 34, 43, 5, 1}{1170, 204, 69, 69, 0, 2}{1160, 309, 42, 57, 5, 2}{1192, 222, 93, 81, 0, 3}{1180, 324, 51, 49, 5, 3}{1226, 233, 107, 92, 0, 4}{1227, 392, 55, 51, 5, 4}{1274, 251, 132, 106, 0, 5}{1253, 412, 64, 61, 5, 5}{1323, 302, 141, 126, 0, 6}{1278, 447, 103, 87, 5, 6}{1409, 349, 183, 222, 0, 7}{1332, 550, 121, 126, 5, 7}{1568, 469, 234, 275, 0, 8}
{1140, 193, 71, 72, 0, 1}{1138, 285, 34, 43, 5, 1}{1166, 205, 69, 69, 0, 2}{1160, 309, 42, 57, 5, 2}{1187, 221, 93, 81, 0, 3}{1180, 324, 51, 49, 5, 3}{1224, 232, 107, 92, 0, 4}{1227, 392, 55, 51, 5, 4}{1272, 251, 132, 106, 0, 5}{1254, 412, 64, 61, 5, 5}{1310, 310, 135, 146, 0, 6}{1279, 446, 103, 87, 5, 6}{1405, 349, 186, 223, 0, 7}{1332, 549, 121, 126, 5, 7}{1546, 470, 224, 288, 0, 8}
{1136, 194, 71, 72, 0, 1}{1138, 285, 34, 43, 5, 1}{1163, 206, 69, 69, 0, 2}{1160, 309, 42, 57, 5, 2}{1184, 222, 93, 81, 0, 3}{1180, 324, 51, 49, 5, 3}{1220, 231, 107, 92, 0, 4}{1227, 392, 55, 51, 5, 4}{1266, 253, 132, 106, 0, 5}{1253, 412, 64, 61, 5, 5}{1289, 314, 125, 162, 0, 6}{1278, 447, 103, 87, 5, 6}{1385, 357, 177, 241, 0, 7}{1332, 550, 121, 126, 5, 7}{1518, 476, 220, 318, 0, 8}
{1131, 195, 71, 72, 0, 1}{1138, 285, 34, 43, 5, 1}{1159, 206, 69, 69, 0, 2}{1160, 309, 42, 57, 5, 2}{1177, 223, 93, 81, 0, 3}{1180, 324, 51, 49, 5, 3}{1214, 232, 107, 92, 0, 4}{1227, 392, 55, 51, 5, 4}{1252, 260, 83, 117, 0, 5}{1254, 412, 64, 61, 5, 5}{1273, 321, 101, 157, 0, 6}{1279, 446, 103, 87, 5, 6}{1368, 354, 177, 253, 0, 7}{1332, 549, 121, 126, 5, 7}{1502, 478, 202, 341, 0, 8}
{1114, 199, 40, 75, 0, 1}{1138, 285, 34, 43, 5, 1}{1154, 206, 69, 69, 0, 2}{1160, 309, 42, 57, 5, 2}{1170, 224, 93, 81, 0, 3}{1180, 324, 51, 49, 5, 3}{1204, 235, 107, 92, 0, 4}{1227, 392, 55, 51, 5, 4}{1237, 264, 75, 127, 0, 5}{1253, 412, 64, 61, 5, 5}{1263, 317, 96, 164, 0, 6}{1278, 447, 103, 87, 5, 6}{1360, 361, 167, 263, 0, 7}{1334, 550, 121, 126, 5, 7}{1461, 485, 206, 364, 0, 8}
{1101, 200, 34, 77, 0, 1}{1138, 285, 34, 43, 5, 1}{1151, 209, 44, 72, 0, 2}{1160, 309, 42, 57, 5, 2}{1159, 225, 93, 81, 0, 3}{1180, 324, 51, 49, 5, 3}{1194, 236, 107, 92, 0, 4}{1227, 391, 55, 51, 5, 4}{1229, 268, 74, 127, 0, 5}{1254, 412, 64, 61, 5, 5}{1243, 327, 88, 175, 0, 6}{1279, 446, 103, 87, 5, 6}{1339, 360, 154, 279, 0, 7}{1332, 549, 121, 126, 5, 7}{1429, 495, 185, 375, 0, 8}
{1092, 199, 34, 89, 0, 1}{1138, 285, 34, 43, 5, 1}{1141, 213, 38, 77, 0, 2}{1160, 309, 42, 57, 5, 2}{1146, 234, 51, 92, 0, 3}{1180, 324, 51, 49, 5, 3}{1180, 249, 51, 90, 0, 4}{1227, 391, 55, 51, 5, 4}{1215, 273, 79, 184, 0, 5}{1253, 412, 64, 61, 5, 5}{1227, 330, 76, 186, 0, 6}{1278, 447, 103, 87, 5, 6}{1316, 361, 155, 294, 0, 7}{1334, 550, 121, 126, 5, 7}{1392, 504, 165, 406, 0, 8}
{1088, 193, 39, 87, 0, 1}{1138, 285, 34, 43, 5, 1}{1132, 210, 47, 86, 0, 2}{1160, 309, 42, 57, 5, 2}{1146, 234, 51, 92, 0, 3}{1180, 324, 51, 49, 5, 3}{1158, 254, 46, 112, 0, 4}{1227, 391, 55, 51, 5, 4}{1197, 278, 78, 201, 0, 5}{1254, 412, 64, 61, 5, 5}{1203, 331, 71, 215, 0, 6}{1279, 446, 103, 87, 5, 6}{1286, 373, 140, 313, 0, 7}{1334, 551, 121, 126, 5, 7}{1366, 504, 162, 416, 0, 8}
{1075, 195, 41, 131, 0, 1}{1138, 285, 34, 43, 5, 1}{1112, 216, 44, 138, 0, 2}{1160, 309, 42, 57, 5, 2}{1129, 239, 42, 117, 0, 3}{1180, 324, 51, 49, 5, 3}{1146, 257, 43, 121, 0, 4}{1227, 391, 55, 51, 5, 4}{1186, 278, 78, 207, 0, 5}{1253, 412, 64, 61, 5, 5}{1177, 337, 61, 251, 0, 6}{1278, 447, 103, 87, 5, 6}{1271, 376, 143, 313, 0, 7}{1334, 552, 121, 126, 5, 7}{1318, 494, 186, 435, 0, 8}
{1068, 196, 38, 136, 1, 1}{1138, 293, 31, 56, 5, 1}{1109, 216, 47, 134, 0, 2}{1160, 309, 42, 57, 5, 2}{1120, 237, 46, 150, 0, 3}{1183, 324, 41, 47, 5, 3}{1138, 263, 45, 177, 0, 4}{0, 0, 0, 0, 5, 4}{1174, 278, 71, 216, 0, 5}{1254, 412, 64, 61, 5, 5}{1148, 335, 68, 260, 0, 6}{1277, 444, 103, 87, 5, 6}{1236, 374, 148, 343, 1, 7}{1334, 551, 121, 126, 5, 7}{1284, 478, 193, 425, 1, 8}
{1054, 199, 35, 132, 1, 1}{1138, 293, 31, 56, 5, 1}{1097, 216, 45, 140, 0, 2}{1160, 309, 42, 57, 5, 2}{1106, 246, 38, 164, 0, 3}{1183, 324, 41, 47, 5, 3}{1114, 261, 53, 173, 0, 4}{0, 0, 0, 0, 5, 4}{1160, 274, 77, 221, 0, 5}{1253, 412, 64, 61, 5, 5}{1112, 323, 102, 289, 0, 6}{1278, 445, 103, 87, 5, 6}{1222, 374, 146, 340, 1, 7}{1334, 552, 121, 126, 5, 7}{1259, 483, 158, 410, 1, 8}
{1051, 198, 46, 126, 1, 1}{0, 0, 0, 0, 5, 1}{1085, 225, 42, 159, 1, 2}{1160, 309, 42, 57, 5, 2}{1094, 243, 42, 162, 0, 3}{1183, 324, 41, 47, 5, 3}{1098, 273, 36, 145, 0, 4}{0, 0, 0, 0, 5, 4}{1138, 271, 92, 214, 0, 5}{1246, 424, 51, 69, 5, 5}{1085, 320, 117, 285, 0, 6}{1279, 444, 103, 87, 5, 6}{1196, 383, 133, 343, 1, 7}{1334, 551, 121, 126, 5, 7}{1214, 461, 180, 407, 1, 8}
{1045, 199, 43, 122, 1, 1}{0, 0, 0, 0, 5, 1}{1075, 220, 46, 157, 1, 2}{1161, 311, 40, 51, 5, 2}{1088, 240, 47, 159, 0, 3}{1183, 324, 41, 47, 5, 3}{1083, 277, 40, 189, 0, 4}{0, 0, 0, 0, 5, 4}{1129, 259, 116, 206, 0, 5}{1246, 424, 51, 69, 5, 5}{1054, 328, 112, 296, 1, 6}{1278, 445, 103, 87, 5, 6}{1170, 386, 123, 340, 1, 7}{1334, 550, 121, 126, 5, 7}{1174, 461, 205, 413, 1, 8}
{1034, 199, 51, 127, 1, 1}{0, 0, 0, 0, 5, 1}{1069, 215, 62, 143, 1, 2}{1161, 311, 40, 51, 5, 2}{1072, 234, 81, 161, 1, 3}{1183, 324, 41, 47, 5, 3}{1074, 236, 122, 161, 1, 4}{0, 0, 0, 0, 5, 4}{1112, 237, 135, 203, 1, 5}{1246, 425, 51, 69, 5, 5}{1035, 335, 115, 291, 1, 6}{1279, 446, 103, 87, 5, 6}{1154, 386, 120, 326, 1, 7}{1334, 547, 121, 126, 5, 7}{1119, 480, 206, 425, 1, 8}
{1034, 203, 65, 120, 1, 1}{0, 0, 0, 0, 5, 1}{1057, 217, 63, 143, 1, 2}{1161, 312, 40, 51, 5, 2}{1068, 232, 85, 153, 1, 3}{1183, 324, 41, 47, 5, 3}{1058, 233, 136, 157, 1, 4}{0, 0, 0, 0, 5, 4}{1100, 233, 133, 186, 1, 5}{1246, 423, 51, 69, 5, 5}{1019, 344, 127, 291, 1, 6}{1278, 447, 103, 87, 5, 6}{1126, 398, 112, 333, 1, 7}{1332, 548, 121, 126, 5, 7}{1084, 501, 199, 434, 1, 8}
{1023, 202, 79, 123, 1, 1}{0, 0, 0, 0, 5, 1}{1040, 219, 75, 157, 1, 2}{0, 0, 0, 0, 5, 2}{1051, 236, 92, 152, 1, 3}{1181, 325, 48, 43, 5, 3}{1045, 249, 114, 178, 1, 4}{0, 0, 0, 0, 5, 4}{1086, 230, 146, 203, 1, 5}{1246, 423, 51, 69, 5, 5}{1000, 350, 133, 286, 1, 6}{1279, 446, 103, 87, 5, 6}{1095, 407, 125, 338, 1, 7}{1336, 551, 121, 126, 5, 7}{1036, 544, 181, 462, 1, 8}
{1020, 199, 84, 115, 1, 1}{0, 0, 0, 0, 5, 1}{1025, 229, 73, 159, 1, 2}{0, 0, 0, 0, 5, 2}{1035, 240, 92, 160, 1, 3}{1181, 325, 48, 43, 5, 3}{1016, 251, 131, 196, 1, 4}{0, 0, 0, 0, 5, 4}{1075, 233, 144, 201, 1, 5}{1246, 423, 51, 69, 5, 5}{985, 361, 139, 276, 1, 6}{1278, 447, 103, 87, 5, 6}{1066, 417, 134, 340, 1, 7}{1338, 552, 121, 126, 5, 7}{999, 562, 186, 444, 1, 8}
{1009, 206, 78, 119, 1, 1}{0, 0, 0, 0, 5, 1}{1019, 234, 77, 148, 1, 2}{0, 0, 0, 0, 5, 2}{1025, 250, 96, 162, 1, 3}{1181, 325, 48, 43, 5, 3}{994, 260, 129, 206, 1, 4}{1233, 373, 58, 53, 5, 4}{1049, 244, 159, 207, 1, 5}{1246, 423, 51, 69, 5, 5}{971, 381, 137, 258, 1, 6}{1279, 446, 103, 87, 5, 6}{1032, 426, 137, 350, 1, 7}{1336, 551, 121, 126, 5, 7}{954, 578, 189, 488, 1, 8}
{997, 209, 82, 117, 1, 1}{0, 0, 0, 0, 5, 1}{994, 240, 86, 169, 1, 2}{0, 0, 0, 0, 5, 2}{1006, 257, 96, 171, 1, 3}{1181, 325, 48, 43, 5, 3}{977, 267, 132, 206, 1, 4}{1233, 373, 58, 53, 5, 4}{1025, 256, 153, 215, 1, 5}{1256, 404, 67, 50, 5, 5}{957, 388, 142, 267, 1, 6}{1278, 447, 103, 87, 5, 6}{1007, 423, 150, 356, 1, 7}{1336, 552, 121, 126, 5, 7}{949, 619, 155, 446, 1, 8}
{983, 215, 80, 132, 1, 1}{0, 0, 0, 0, 5, 1}{988, 246, 86, 163, 1, 2}{0, 0, 0, 0, 5, 2}{996, 266, 99, 165, 1, 3}{1181, 325, 48, 43, 5, 3}{974, 274, 127, 192, 1, 4}{1233, 373, 58, 53, 5, 4}{1005, 268, 159, 219, 1, 5}{1256, 404, 67, 50, 5, 5}{934, 399, 136, 264, 1, 6}{1279, 446, 103, 87, 5, 6}{967, 420, 179, 370, 1, 7}{1338, 549, 121, 126, 5, 7}{896, 615, 209, 441, 1, 8}
{974, 216, 88, 123, 1, 1}{1141, 277, 37, 45, 5, 1}{982, 257, 84, 150, 1, 2}{0, 0, 0, 0, 5, 2}{996, 274, 94, 153, 1, 3}{1181, 325, 48, 43, 5, 3}{954, 281, 128, 192, 1, 4}{1233, 373, 58, 53, 5, 4}{991, 287, 147, 229, 1, 5}{1256, 404, 67, 50, 5, 5}{903, 413, 127, 275, 1, 6}{1276, 445, 103, 87, 5, 6}{941, 436, 182, 363, 1, 7}{1336, 550, 121, 126, 5, 7}{882, 637, 199, 425, 1, 8}
{968, 213, 99, 123, 1, 1}{1141, 277, 37, 45, 5, 1}{985, 267, 75, 135, 1, 2}{0, 0, 0, 0, 5, 2}{980, 278, 107, 160, 1, 3}{1181, 325, 48, 43, 5, 3}{954, 288, 122, 177, 1, 4}{1233, 373, 58, 53, 5, 4}{968, 295, 162, 232, 1, 5}{1256, 404, 67, 50, 5, 5}{884, 420, 125, 271, 1, 6}{1277, 444, 103, 87, 5, 6}{927, 439, 198, 357, 1, 7}{1338, 549, 121, 126, 5, 7}{837, 656, 187, 449, 1, 8}
{963, 223, 94, 111, 1, 1}{1141, 277, 37, 45, 5, 1}{986, 277, 64, 122, 1, 2}{1160, 314, 35, 47, 5, 2}{977, 290, 80, 152, 1, 3}{1181, 325, 48, 43, 5, 3}{937, 290, 128, 192, 1, 4}{1233, 373, 58, 53, 5, 4}{956, 302, 159, 228, 1, 5}{1247, 406, 62, 54, 5, 5}{857, 435, 114, 277, 1, 6}{1276, 445, 103, 87, 5, 6}{914, 441, 193, 337, 1, 7}{1336, 550, 121, 126, 5, 7}{789, 674, 175, 460, 1, 8}
{966, 230, 85, 103, 1, 1}{1141, 277, 37, 45, 5, 1}{980, 281, 61, 120, 1, 2}{1160, 314, 35, 47, 5, 2}{982, 295, 68, 146, 1, 3}{1181, 325, 48, 43, 5, 3}{913, 301, 116, 201, 1, 4}{1233, 372, 58, 53, 5, 4}{943, 318, 149, 212, 1, 5}{1247, 406, 62, 54, 5, 5}{842, 437, 112, 287, 1, 6}{1277, 444, 103, 87, 5, 6}{891, 461, 182, 337, 1, 7}{1338, 549, 121, 126, 5, 7}{758, 691, 172, 454, 1, 8}
{963, 239, 78, 83, 1, 1}{1141, 277, 37, 45, 5, 1}{974, 285, 60, 120, 1, 2}{1160, 314, 35, 47, 5, 2}{982, 302, 58, 124, 1, 3}{1181, 325, 48, 43, 5, 3}{902, 308, 113, 207, 1, 4}{1233, 372, 58, 53, 5, 4}{931, 325, 143, 207, 1, 5}{1247, 406, 62, 54, 5, 5}{822, 459, 88, 263, 1, 6}{1276, 445, 103, 87, 5, 6}{867, 475, 183, 332, 1, 7}{1336, 550, 121, 126, 5, 7}{723, 722, 141, 455, 1, 8}
{973, 243, 75, 76, 1, 1}{1141, 277, 37, 45, 5, 1}{973, 291, 57, 105, 1, 2}{1160, 314, 35, 47, 5, 2}{980, 319, 44, 117, 1, 3}{1181, 325, 48, 43, 5, 3}{885, 319, 101, 207, 1, 4}{1233, 372, 58, 53, 5, 4}{911, 338, 131, 220, 1, 5}{1247, 406, 62, 54, 5, 5}{791, 471, 83, 280, 1, 6}{1277, 444, 103, 87, 5, 6}{845, 494, 166, 333, 1, 7}{1338, 549, 121, 126, 5, 7}{692, 753, 123, 448, 1, 8}
{965, 257, 58, 66, 1, 1}{1141, 277, 37, 45, 5, 1}{974, 298, 45, 94, 1, 2}{1160, 314, 35, 47, 5, 2}{996, 324, 36, 93, 1, 3}{1181, 325, 48, 43, 5, 3}{874, 321, 99, 214, 1, 4}{1233, 372, 58, 53, 5, 4}{911, 346, 121, 201, 1, 5}{1247, 406, 62, 54, 5, 5}{781, 493, 64, 277, 1, 6}{1276, 445, 103, 87, 5, 6}{818, 513, 158, 340, 1, 7}{1336, 550, 121, 126, 5, 7}{657, 761, 125, 456, 1, 8}
{971, 261, 56, 60, 1, 1}{1141, 277, 37, 45, 5, 1}{965, 298, 48, 93, 1, 2}{1160, 314, 35, 47, 5, 2}{985, 328, 32, 93, 1, 3}{1181, 325, 48, 43, 5, 3}{854, 334, 87, 223, 1, 4}{1233, 372, 58, 53, 5, 4}{891, 365, 112, 200, 1, 5}{1246, 406, 62, 54, 5, 5}{742, 520, 39, 250, 3, 6}{1277, 444, 103, 87, 5, 6}{781, 537, 137, 349, 1, 7}{1338, 549, 121, 126, 5, 7}{628, 789, 99, 461, 1, 8}
{960, 276, 42, 62, 1, 1}{1141, 277, 37, 45, 5, 1}{956, 318, 28, 69, 3, 2}{1160, 314, 35, 47, 5, 2}{945, 351, 26, 106, 3, 3}{1181, 325, 48, 43, 5, 3}{839, 343, 78, 226, 1, 4}{1233, 372, 58, 53, 5, 4}{893, 380, 94, 192, 1, 5}{1246, 406, 62, 54, 5, 5}{719, 528, 43, 246, 3, 6}{1276, 445, 103, 87, 5, 6}{757, 566, 103, 356, 1, 7}{1338, 548, 121, 126, 5, 7}{599, 807, 88, 324, 3, 8}
{962, 285, 33, 55, 3, 1}{1141, 277, 37, 45, 5, 1}{0, 0, 0, 0, 3, 2}{1160, 314, 35, 47, 5, 2}{914, 358, 18, 100, 3, 3}{1181, 325, 48, 43, 5, 3}{824, 359, 62, 222, 1, 4}{1233, 372, 58, 53, 5, 4}{887, 392, 82, 184, 1, 5}{1246, 406, 62, 54, 5, 5}{719, 521, 51, 240, 3, 6}{1277, 444, 103, 87, 5, 6}{734, 593, 81, 374, 1, 7}{1338, 547, 121, 126, 5, 7}{566, 823, 75, 353, 3, 8}
{0, 0, 0, 0, 3, 1}{1141, 277, 37, 45, 5, 1}{0, 0, 0, 0, 3, 2}{1160, 314, 35, 47, 5, 2}{0, 0, 0, 0, 3, 3}{1181, 325, 48, 43, 5, 3}{804, 370, 58, 236, 1, 4}{1233, 372, 58, 53, 5, 4}{873, 410, 67, 185, 1, 5}{1246, 406, 62, 54, 5, 5}{707, 521, 50, 238, 3, 6}{1276, 445, 103, 87, 5, 6}{708, 625, 53, 358, 3, 7}{1338, 548, 121, 126, 5, 7}{543, 824, 74, 390, 3, 8}
{0, 0, 0, 0, 3, 1}{1141, 277, 37, 45, 5, 1}{0, 0, 0, 0, 3, 2}{1160, 314, 35, 47, 5, 2}{0, 0, 0, 0, 3, 3}{1181, 325, 48, 43, 5, 3}{807, 389, 38, 193, 3, 4}{1233, 372, 58, 53, 5, 4}{841, 428, 50, 202, 3, 5}{1246, 406, 62, 54, 5, 5}{686, 534, 32, 242, 3, 6}{1277, 444, 103, 87, 5, 6}{691, 628, 49, 338, 3, 7}{1338, 547, 121, 126, 5, 7}{516, 829, 71, 419, 3, 8}
{0, 0, 0, 0, 3, 1}{1141, 277, 37, 45, 5, 1}{0, 0, 0, 0, 3, 2}{1160, 314, 35, 47, 5, 2}{0, 0, 0, 0, 3, 3}{1181, 325, 48, 43, 5, 3}{801, 397, 26, 172, 3, 4}{1233, 372, 58, 53, 5, 4}{845, 440, 42, 181, 3, 5}{1246, 406, 62, 54, 5, 5}{676, 537, 34, 246, 3, 6}{1276, 445, 103, 87, 5, 6}{664, 641, 42, 335, 3, 7}{1338, 548, 121, 126, 5, 7}{495, 832, 70, 444, 3, 8}
{0, 0, 0, 0, 3, 1}{1141, 277, 37, 45, 5, 1}{0, 0, 0, 0, 3, 2}{1160, 314, 35, 47, 5, 2}{0, 0, 0, 0, 3, 3}{1181, 325, 48, 43, 5, 3}{802, 394, 36, 166, 3, 4}{1233, 372, 58, 53, 5, 4}{828, 448, 30, 161, 3, 5}{1246, 406, 62, 54, 5, 5}{646, 527, 41, 271, 3, 6}{1277, 446, 103, 87, 5, 6}{649, 637, 43, 353, 3, 7}{1338, 547, 121, 126, 5, 7}{460, 832, 79, 483, 3, 8}
{0, 0, 0, 0, 3, 1}{1141, 277, 37, 45, 5, 1}{0, 0, 0, 0, 3, 2}{1160, 314, 35, 47, 5, 2}{0, 0, 0, 0, 3, 3}{1181, 325, 48, 43, 5, 3}{781, 393, 38, 169, 3, 4}{1233, 372, 58, 53, 5, 4}{793, 454, 28, 178, 3, 5}{1245, 406, 62, 54, 5, 5}{652, 537, 32, 250, 3, 6}{1276, 447, 103, 87, 5, 6}{628, 634, 55, 356, 3, 7}{1338, 548, 121, 126, 5, 7}{437, 838, 64, 494, 3, 8}
{0, 0, 0, 0, 3, 1}{1141, 277, 37, 45, 5, 1}{0, 0, 0, 0, 3, 2}{1160, 314, 35, 47, 5, 2}{0, 0, 0, 0, 3, 3}{1181, 325, 48, 43, 5, 3}{790, 399, 27, 160, 3, 4}{1232, 372, 58, 53, 5, 4}{801, 443, 41, 187, 3, 5}{1245, 406, 62, 54, 5, 5}{626, 537, 44, 287, 3, 6}{1277, 446, 103, 87, 5, 6}{615, 632, 54, 357, 3, 7}{1338, 547, 121, 126, 5, 7}{417, 851, 62, 505, 3, 8}
{0, 0, 0, 0, 3, 1}{1141, 277, 37, 45, 5, 1}{0, 0, 0, 0, 3, 2}{1160, 314, 35, 47, 5, 2}{0, 0, 0, 0, 3, 3}{1181, 325, 48, 43, 5, 3}{784, 403, 28, 139, 3, 4}{1231, 372, 58, 53, 5, 4}{0, 0, 0, 0, 3, 5}{1245, 406, 62, 54, 5, 5}{609, 532, 47, 311, 3, 6}{1276, 447, 103, 87, 5, 6}{574, 646, 45, 349, 3, 7}{1338, 546, 121, 126, 5, 7}{376, 852, 68, 467, 3, 8}
{0, 0, 0, 0, 3, 1}{1141, 277, 37, 45, 5, 1}{0, 0, 0, 0, 3, 2}{1160, 314, 35, 47, 5, 2}{0, 0, 0, 0, 3, 3}{1181, 325, 48, 43, 5, 3}{781, 404, 24, 132, 3, 4}{1232, 372, 58, 53, 5, 4}{0, 0, 0, 0, 3, 5}{1245, 406, 62, 54, 5, 5}{604, 531, 37, 338, 3, 6}{1277, 446, 103, 87, 5, 6}{559, 644, 49, 374, 3, 7}{1338, 545, 121, 126, 5, 7}{362, 857, 60, 465, 3, 8}
{0, 0, 0, 0, 3, 1}{1141, 277, 37, 45, 5, 1}{0, 0, 0, 0, 3, 2}{1160, 314, 35, 47, 5, 2}{0, 0, 0, 0, 3, 3}{1181, 325, 48, 43, 5, 3}{756, 394, 36, 154, 3, 4}{1231, 372, 58, 53, 5, 4}{0, 0, 0, 0, 3, 5}{1245, 406, 62, 54, 5, 5}{587, 525, 47, 312, 3, 6}{1276, 447, 103, 87, 5, 6}{571, 643, 60, 333, 3, 7}{1338, 546, 121, 126, 5, 7}{343, 842, 72, 459, 3, 8}
{0, 0, 0, 0, 3, 1}{1141, 277, 37, 45, 5, 1}{0, 0, 0, 0, 3, 2}{1160, 314, 35, 47, 5, 2}{0, 0, 0, 0, 3, 3}{1181, 325, 48, 43, 5, 3}{741, 403, 27, 141, 3, 4}{1232, 372, 58, 53, 5, 4}{0, 0, 0, 0, 3, 5}{1245, 406, 62, 54, 5, 5}{578, 528, 46, 290, 3, 6}{1277, 446, 103, 87, 5, 6}{564, 653, 52, 326, 3, 7}{1340, 545, 121, 126, 5, 7}{330, 849, 65, 441, 3, 8}
{0, 0, 0, 0, 3, 1}{1141, 277, 37, 45, 5, 1}{0, 0, 0, 0, 3, 2}{1160, 314, 35, 47, 5, 2}{0, 0, 0, 0, 3, 3}{1181, 325, 48, 43, 5, 3}{744, 406, 31, 138, 3, 4}{1231, 371, 58, 53, 5, 4}{0, 0, 0, 0, 3, 5}{1244, 406, 62, 54, 5, 5}{567, 535, 37, 272, 3, 6}{1276, 447, 103, 87, 5, 6}{548, 652, 47, 363, 3, 7}{1342, 546, 121, 126, 5, 7}{304, 860, 62, 465, 3, 8}
{0, 0, 0, 0, 3, 1}{1141, 277, 37, 45, 5, 1}{0, 0, 0, 0, 3, 2}{1160, 314, 35, 47, 5, 2}{0, 0, 0, 0, 3, 3}{1181, 325, 48, 43, 5, 3}{732, 401, 34, 144, 3, 4}{1231, 371, 58, 53, 5, 4}{0, 0, 0, 0, 3, 5}{1244, 406, 62, 54, 5, 5}{555, 537, 29, 267, 3, 6}{1277, 446, 103, 87, 5, 6}{553, 647, 53, 350, 3, 7}{1340, 545, 121, 126, 5, 7}{275, 866, 50, 485, 3, 8}
{0, 0, 0, 0, 3, 1}{1141, 277, 37, 45, 5, 1}{0, 0, 0, 0, 3, 2}{1160, 314, 35, 47, 5, 2}{0, 0, 0, 0, 3, 3}{1181, 325, 48, 43, 5, 3}{727, 403, 31, 140, 3, 4}{1231, 371, 58, 53, 5, 4}{0, 0, 0, 0, 3, 5}{1244, 406, 62, 54, 5, 5}{541, 534, 35, 263, 3, 6}{1276, 447, 103, 87, 5, 6}{513, 643, 56, 386, 3, 7}{1342, 546, 121, 126, 5, 7}{271, 864, 72, 495, 3, 8}
{0, 0, 0, 0, 3, 1}{1141, 277, 37, 45, 5, 1}{0, 0, 0, 0, 3, 2}{1160, 314, 35, 47, 5, 2}{0, 0, 0, 0, 3, 3}{1181, 325, 48, 43, 5, 3}{705, 404, 26, 162, 3, 4}{1231, 371, 58, 53, 5, 4}{0, 0, 0, 0, 3, 5}{1244, 406, 62, 54, 5, 5}{529, 537, 41, 259, 3, 6}{1276, 447, 103, 87, 5, 6}{514, 668, 37, 304, 3, 7}{1342, 546, 121, 126, 5, 7}{238, 870, 63, 485, 3, 8}