#Header, frames per second, video resolution(hight width), total number of frames in video.
FPS: 29.97
RES: 720 1280
TNF: 612
Skip: 3
#Data x, y, h, w, c, and l always in this order, for each lane. Sorted in order.
{710, 140, 25, 114, 2, 1}{849, 155, 25, 106, 2, 2}{710, 177, 30, 135, 3, 3}{1109, 197, 25, 135, 2, 4}{893, 228, 37, 157, 2, 5}{941, 269, 52, 240, 2, 6}{839, 324, 64, 257, 2, 7}{585, 478, 90, 374, 3, 8}
{710, 135, 36, 117, 2, 1}{857, 148, 31, 95, 2, 2}{708, 178, 34, 136, 3, 3}{1140, 197, 27, 115, 2, 4}{906, 236, 30, 163, 2, 5}{962, 273, 49, 230, 2, 6}{876, 324, 71, 244, 2, 7}{595, 505, 66, 388, 3, 8}
{775, 126, 36, 99, 2, 1}{795, 154, 31, 87, 2, 2}{642, 156, 34, 80, 2, 3}{764, 215, 35, 103, 2, 4}{543, 200, 44, 79, 2, 5}{436, 220, 59, 104, 2, 6}{291, 224, 63, 91, 2, 7}{81, 251, 41, 84, 3, 8}
{791, 136, 26, 87, 2, 1}{796, 146, 44, 75, 2, 2}{642, 160, 31, 78, 2, 3}{774, 216, 32, 90, 2, 4}{551, 213, 32, 69, 2, 5}{451, 231, 44, 91, 2, 6}{297, 236, 44, 98, 2, 7}{75, 248, 45, 88, 3, 8}
{787, 131, 37, 81, 2, 1}{795, 153, 39, 92, 2, 2}{642, 159, 34, 83, 2, 3}{778, 214, 39, 90, 2, 4}{548, 203, 45, 88, 2, 5}{455, 233, 36, 83, 2, 6}{311, 244, 35, 78, 2, 7}{78, 258, 38, 85, 2, 8}
{787, 130, 36, 100, 2, 1}{803, 156, 39, 96, 2, 2}{651, 161, 33, 70, 2, 3}{784, 215, 39, 88, 2, 4}{553, 215, 30, 70, 2, 5}{452, 227, 50, 95, 2, 6}{311, 245, 43, 75, 2, 7}{76, 259, 47, 90, 2, 8}
{783, 135, 29, 96, 2, 1}{798, 161, 37, 106, 2, 2}{649, 161, 33, 70, 2, 3}{786, 220, 32, 92, 2, 4}{548, 216, 31, 73, 2, 5}{456, 239, 40, 89, 2, 6}{309, 255, 37, 103, 2, 7}{76, 261, 42, 90, 2, 8}
{782, 132, 35, 101, 2, 1}{802, 152, 35, 91, 2, 2}{647, 168, 25, 78, 2, 3}{786, 216, 39, 98, 2, 4}{555, 209, 41, 73, 2, 5}{449, 232, 46, 104, 2, 6}{307, 251, 40, 79, 2, 7}{70, 263, 44, 99, 2, 8}
{784, 131, 41, 103, 2, 1}{787, 154, 41, 106, 2, 2}{646, 166, 28, 94, 2, 3}{776, 212, 46, 111, 2, 4}{553, 213, 33, 76, 2, 5}{459, 239, 42, 97, 2, 6}{304, 250, 37, 89, 2, 7}{66, 260, 57, 103, 2, 8}
{784, 132, 36, 101, 2, 1}{787, 154, 41, 106, 2, 2}{646, 169, 28, 99, 2, 3}{786, 220, 39, 99, 2, 4}{574, 212, 38, 64, 2, 5}{460, 242, 35, 87, 2, 6}{303, 249, 39, 101, 2, 7}{64, 261, 52, 110, 2, 8}
{781, 134, 38, 114, 2, 1}{784, 154, 41, 106, 2, 2}{646, 165, 29, 84, 2, 3}{784, 222, 37, 99, 2, 4}{564, 223, 28, 62, 2, 5}{454, 242, 45, 99, 2, 6}{304, 251, 42, 92, 2, 7}{61, 265, 50, 107, 2, 8}
{784, 132, 36, 97, 2, 1}{780, 154, 41, 106, 2, 2}{648, 157, 40, 83, 2, 3}{776, 224, 37, 112, 2, 4}{557, 222, 29, 67, 2, 5}{457, 244, 35, 103, 2, 6}{299, 249, 45, 100, 2, 7}{52, 261, 53, 103, 2, 8}
{787, 136, 34, 102, 2, 1}{801, 153, 45, 98, 2, 2}{644, 160, 40, 92, 2, 3}{775, 224, 35, 111, 2, 4}{549, 219, 35, 80, 2, 5}{466, 244, 42, 91, 2, 6}{301, 256, 48, 101, 2, 7}{58, 269, 50, 96, 2, 8}
{792, 135, 35, 96, 2, 1}{801, 153, 45, 98, 2, 2}{631, 165, 34, 110, 2, 3}{786, 222, 41, 106, 2, 4}{563, 219, 32, 78, 2, 5}{467, 252, 31, 96, 2, 6}{295, 256, 42, 109, 2, 7}{63, 271, 47, 89, 2, 8}
{782, 138, 35, 117, 2, 1}{797, 153, 45, 98, 2, 2}{642, 170, 33, 99, 2, 3}{789, 225, 41, 110, 2, 4}{568, 226, 32, 70, 2, 5}{459, 247, 38, 104, 2, 6}{303, 256, 44, 100, 2, 7}{62, 267, 53, 90, 2, 8}
{793, 133, 38, 99, 2, 1}{794, 153, 45, 98, 2, 2}{635, 163, 39, 100, 2, 3}{786, 220, 44, 115, 2, 4}{575, 231, 31, 67, 2, 5}{470, 250, 36, 95, 2, 6}{301, 261, 38, 104, 2, 7}{55, 269, 54, 98, 2, 8}
{792, 140, 30, 107, 2, 1}{789, 153, 45, 98, 2, 2}{634, 165, 38, 109, 2, 3}{790, 225, 41, 112, 2, 4}{572, 227, 31, 80, 2, 5}{466, 247, 42, 96, 2, 6}{296, 254, 49, 110, 2, 7}{50, 273, 51, 108, 2, 8}
{799, 138, 37, 94, 2, 1}{784, 153, 45, 98, 2, 2}{639, 161, 42, 97, 2, 3}{787, 222, 46, 116, 2, 4}{562, 220, 40, 84, 2, 5}{468, 254, 34, 99, 2, 6}{293, 263, 44, 111, 2, 7}{50, 271, 52, 122, 2, 8}
{793, 139, 34, 110, 2, 1}{794, 159, 47, 127, 2, 2}{641, 166, 39, 111, 2, 3}{793, 225, 47, 115, 2, 4}{568, 229, 31, 78, 2, 5}{477, 252, 41, 83, 2, 6}{303, 265, 41, 98, 2, 7}{50, 280, 56, 112, 2, 8}
{793, 137, 37, 108, 2, 1}{794, 159, 47, 127, 2, 2}{633, 163, 44, 113, 2, 3}{800, 228, 45, 112, 2, 4}{573, 230, 32, 78, 2, 5}{472, 260, 41, 104, 2, 6}{313, 264, 41, 92, 2, 7}{51, 279, 57, 116, 2, 8}
{794, 144, 32, 102, 2, 1}{791, 159, 47, 127, 2, 2}{631, 167, 39, 109, 2, 3}{798, 231, 39, 121, 2, 4}{582, 233, 35, 81, 2, 5}{479, 253, 52, 93, 2, 6}{309, 258, 51, 107, 2, 7}{50, 274, 67, 108, 2, 8}
{797, 139, 38, 92, 2, 1}{788, 159, 47, 127, 2, 2}{636, 169, 37, 109, 2, 3}{805, 230, 43, 117, 2, 4}{588, 239, 30, 81, 2, 5}{480, 261, 42, 104, 2, 6}{302, 269, 42, 100, 2, 7}{44, 278, 52, 112, 2, 8}
{799, 142, 30, 102, 2, 1}{816, 163, 44, 100, 2, 2}{640, 170, 38, 108, 2, 3}{810, 230, 43, 128, 2, 4}{590, 239, 31, 74, 2, 5}{485, 259, 47, 94, 2, 6}{306, 276, 36, 104, 2, 7}{63, 285, 47, 97, 2, 8}
{789, 138, 39, 112, 2, 1}{816, 163, 44, 100, 2, 2}{632, 171, 38, 117, 2, 3}{821, 227, 50, 110, 2, 4}{580, 238, 30, 81, 2, 5}{471, 260, 40, 114, 2, 6}{310, 275, 40, 113, 2, 7}{58, 284, 46, 90, 2, 8}
{798, 139, 34, 97, 2, 1}{812, 163, 44, 100, 2, 2}{654, 170, 42, 95, 2, 3}{825, 239, 37, 111, 2, 4}{588, 241, 31, 78, 2, 5}{493, 265, 39, 89, 2, 6}{308, 278, 44, 109, 2, 7}{61, 282, 57, 98, 2, 8}
{796, 141, 36, 108, 2, 1}{836, 174, 30, 97, 2, 2}{654, 170, 42, 95, 2, 3}{820, 234, 46, 108, 2, 4}{580, 239, 32, 72, 2, 5}{495, 256, 52, 86, 2, 6}{317, 276, 56, 111, 2, 7}{56, 288, 53, 98, 2, 8}
{795, 138, 38, 111, 2, 1}{836, 174, 30, 97, 2, 2}{652, 170, 42, 95, 2, 3}{821, 234, 45, 116, 2, 4}{586, 240, 32, 83, 2, 5}{483, 258, 46, 97, 2, 6}{311, 283, 46, 112, 2, 7}{67, 294, 51, 87, 2, 8}
{798, 139, 37, 97, 2, 1}{835, 174, 30, 97, 2, 2}{653, 170, 39, 94, 2, 3}{841, 240, 41, 107, 2, 4}{588, 244, 34, 88, 2, 5}{493, 275, 36, 105, 2, 6}{309, 283, 45, 127, 2, 7}{58, 290, 55, 95, 2, 8}
{802, 140, 41, 97, 2, 1}{827, 173, 33, 107, 2, 2}{653, 170, 39, 94, 2, 3}{845, 239, 42, 101, 2, 4}{606, 245, 34, 77, 2, 5}{493, 271, 39, 108, 2, 6}{312, 284, 44, 121, 2, 7}{63, 291, 57, 105, 2, 8}
{787, 141, 36, 122, 2, 1}{827, 173, 33, 107, 2, 2}{650, 170, 39, 94, 2, 3}{838, 238, 40, 115, 2, 4}{606, 252, 28, 79, 2, 5}{502, 270, 41, 92, 2, 6}{315, 286, 44, 113, 2, 7}{74, 301, 53, 97, 2, 8}
{809, 146, 32, 97, 2, 1}{824, 173, 33, 107, 2, 2}{675, 170, 46, 83, 2, 3}{839, 241, 41, 125, 2, 4}{604, 246, 33, 85, 2, 5}{502, 278, 38, 111, 2, 6}{320, 291, 37, 116, 2, 7}{65, 295, 50, 94, 2, 8}
{802, 144, 36, 102, 2, 1}{821, 173, 33, 107, 2, 2}{675, 170, 46, 83, 2, 3}{846, 242, 43, 114, 2, 4}{607, 247, 35, 82, 2, 5}{496, 274, 45, 110, 2, 6}{319, 289, 40, 116, 2, 7}{81, 305, 47, 86, 2, 8}
{801, 149, 35, 102, 2, 1}{837, 173, 35, 112, 2, 2}{671, 170, 46, 83, 2, 3}{847, 247, 44, 120, 2, 4}{607, 247, 40, 81, 2, 5}{497, 272, 49, 108, 2, 6}{323, 282, 47, 120, 2, 7}{72, 304, 59, 112, 2, 8}
{802, 144, 36, 116, 2, 1}{837, 173, 35, 112, 2, 2}{665, 170, 46, 83, 2, 3}{852, 248, 43, 123, 2, 4}{611, 251, 33, 92, 2, 5}{498, 273, 48, 111, 2, 6}{327, 290, 40, 113, 2, 7}{80, 307, 54, 103, 2, 8}
{810, 148, 34, 102, 2, 1}{833, 173, 35, 112, 2, 2}{660, 170, 46, 83, 2, 3}{852, 247, 45, 120, 2, 4}{616, 254, 34, 96, 2, 5}{488, 274, 55, 126, 2, 6}{306, 295, 39, 140, 2, 7}{65, 302, 57, 108, 2, 8}
{817, 151, 30, 96, 2, 1}{828, 174, 35, 112, 2, 2}{671, 173, 45, 91, 2, 3}{853, 245, 45, 121, 2, 4}{606, 251, 38, 95, 2, 5}{492, 275, 56, 123, 2, 6}{319, 298, 42, 132, 2, 7}{75, 304, 63, 96, 2, 8}
{815, 141, 43, 98, 2, 1}{845, 181, 34, 111, 2, 2}{671, 173, 45, 91, 2, 3}{861, 252, 40, 119, 2, 4}{602, 252, 36, 93, 2, 5}{508, 278, 49, 118, 2, 6}{326, 291, 55, 117, 2, 7}{75, 312, 65, 110, 2, 8}
{806, 146, 35, 100, 2, 1}{845, 181, 34, 111, 2, 2}{665, 173, 45, 91, 2, 3}{869, 248, 43, 106, 2, 4}{610, 259, 30, 96, 2, 5}{521, 283, 42, 90, 2, 6}{319, 291, 56, 124, 2, 7}{74, 318, 53, 100, 2, 8}
{806, 144, 43, 102, 2, 1}{842, 181, 34, 111, 2, 2}{660, 173, 45, 91, 2, 3}{880, 248, 47, 97, 2, 4}{610, 259, 30, 86, 2, 5}{498, 288, 44, 124, 2, 6}{322, 301, 49, 135, 2, 7}{73, 314, 62, 101, 2, 8}
{803, 143, 41, 104, 2, 1}{838, 181, 34, 111, 2, 2}{655, 173, 45, 91, 2, 3}{880, 249, 42, 100, 2, 4}{610, 260, 30, 87, 2, 5}{520, 287, 40, 117, 2, 6}{314, 301, 54, 149, 2, 7}{73, 320, 68, 108, 2, 8}
{789, 145, 37, 116, 2, 1}{830, 178, 42, 115, 2, 2}{664, 176, 48, 91, 2, 3}{885, 257, 38, 106, 2, 4}{615, 263, 35, 89, 2, 5}{518, 291, 43, 107, 2, 6}{321, 297, 58, 119, 2, 7}{68, 321, 63, 94, 2, 8}
{793, 148, 38, 118, 2, 1}{830, 178, 42, 115, 2, 2}{664, 176, 48, 91, 2, 3}{885, 257, 38, 106, 2, 4}{611, 264, 31, 92, 2, 5}{530, 290, 45, 100, 2, 6}{318, 298, 57, 135, 2, 7}{79, 334, 53, 84, 2, 8}
{795, 148, 34, 118, 2, 1}{826, 178, 42, 115, 2, 2}{659, 176, 48, 91, 2, 3}{883, 258, 38, 106, 2, 4}{593, 258, 39, 112, 2, 5}{533, 292, 46, 100, 2, 6}{321, 299, 65, 124, 2, 7}{78, 336, 49, 82, 2, 8}
{785, 146, 41, 143, 2, 1}{821, 180, 37, 115, 2, 2}{650, 177, 48, 91, 2, 3}{891, 251, 45, 102, 2, 4}{605, 259, 45, 100, 2, 5}{521, 290, 48, 107, 2, 6}{308, 305, 58, 136, 2, 7}{75, 335, 53, 79, 2, 8}
{809, 152, 34, 103, 2, 1}{821, 180, 37, 115, 2, 2}{658, 179, 49, 107, 2, 3}{891, 251, 45, 102, 2, 4}{599, 257, 42, 96, 2, 5}{511, 290, 49, 114, 2, 6}{306, 310, 52, 144, 2, 7}{69, 333, 52, 87, 2, 8}
{806, 148, 38, 101, 2, 1}{814, 180, 37, 115, 2, 2}{658, 179, 49, 107, 2, 3}{889, 251, 52, 98, 2, 4}{606, 260, 44, 96, 2, 5}{520, 295, 51, 125, 2, 6}{315, 310, 58, 125, 2, 7}{81, 344, 48, 76, 2, 8}
{807, 151, 41, 95, 2, 1}{808, 180, 37, 115, 2, 2}{653, 179, 49, 107, 2, 3}{889, 251, 52, 98, 2, 4}{602, 252, 53, 102, 2, 5}{526, 295, 50, 111, 2, 6}{317, 316, 47, 128, 2, 7}{77, 350, 48, 73, 2, 8}
{806, 154, 31, 101, 2, 1}{799, 180, 37, 115, 2, 2}{646, 178, 49, 107, 2, 3}{905, 259, 47, 94, 2, 4}{606, 264, 44, 116, 2, 5}{515, 299, 46, 116, 2, 6}{314, 315, 53, 138, 2, 7}{76, 358, 37, 70, 2, 8}
{807, 157, 33, 94, 2, 1}{804, 178, 44, 122, 2, 2}{637, 187, 44, 124, 2, 3}{905, 259, 47, 94, 2, 4}{616, 266, 38, 105, 2, 5}{514, 298, 48, 113, 2, 6}{314, 315, 53, 138, 2, 7}{84, 356, 55, 51, 2, 8}
{817, 154, 35, 84, 2, 1}{804, 178, 44, 122, 2, 2}{637, 187, 44, 124, 2, 3}{899, 259, 47, 94, 2, 4}{614, 276, 33, 116, 2, 5}{524, 301, 54, 112, 2, 6}{312, 316, 53, 138, 2, 7}{66, 358, 51, 66, 2, 8}
{817, 154, 35, 84, 2, 1}{801, 178, 44, 122, 2, 2}{633, 187, 44, 124, 2, 3}{894, 259, 47, 94, 2, 4}{615, 274, 32, 108, 2, 5}{533, 299, 53, 105, 2, 6}{310, 317, 53, 138, 2, 7}{57, 368, 45, 76, 2, 8}
{814, 154, 35, 84, 2, 1}{815, 181, 43, 130, 2, 2}{630, 187, 44, 124, 2, 3}{901, 258, 46, 104, 2, 4}{616, 277, 34, 110, 2, 5}{539, 301, 56, 112, 2, 6}{320, 312, 71, 141, 2, 7}{62, 368, 51, 73, 2, 8}
{811, 152, 37, 90, 2, 1}{815, 181, 43, 130, 2, 2}{643, 185, 47, 110, 2, 3}{901, 258, 46, 104, 2, 4}{631, 273, 41, 79, 2, 5}{537, 308, 47, 114, 2, 6}{319, 321, 70, 146, 2, 7}{62, 369, 48, 74, 2, 8}
{811, 152, 37, 90, 2, 1}{813, 181, 43, 130, 2, 2}{643, 185, 47, 110, 2, 3}{906, 262, 46, 115, 2, 4}{635, 276, 36, 89, 2, 5}{540, 305, 46, 119, 2, 6}{328, 326, 60, 150, 2, 7}{52, 363, 61, 88, 2, 8}
{807, 152, 37, 90, 2, 1}{810, 181, 43, 130, 2, 2}{641, 185, 47, 110, 2, 3}{906, 262, 46, 115, 2, 4}{634, 280, 32, 95, 2, 5}{537, 309, 48, 119, 2, 6}{342, 323, 65, 135, 2, 7}{49, 374, 50, 93, 2, 8}
{816, 161, 28, 90, 2, 1}{806, 181, 43, 130, 2, 2}{656, 193, 45, 114, 2, 3}{903, 262, 46, 115, 2, 4}{640, 280, 40, 96, 2, 5}{554, 315, 40, 103, 2, 6}{341, 330, 59, 127, 2, 7}{50, 377, 50, 92, 2, 8}
{808, 154, 35, 93, 2, 1}{813, 186, 35, 133, 2, 2}{656, 193, 45, 114, 2, 3}{923, 267, 41, 114, 2, 4}{649, 281, 40, 106, 2, 5}{537, 318, 45, 130, 2, 6}{338, 330, 58, 127, 2, 7}{56, 371, 55, 93, 2, 8}
{818, 158, 34, 70, 2, 1}{813, 186, 35, 133, 2, 2}{653, 194, 45, 114, 2, 3}{923, 267, 41, 114, 2, 4}{637, 280, 34, 98, 2, 5}{541, 308, 54, 120, 2, 6}{348, 335, 56, 127, 2, 7}{49, 377, 49, 99, 2, 8}
{809, 161, 30, 88, 2, 1}{810, 186, 35, 133, 2, 2}{649, 193, 45, 114, 2, 3}{924, 266, 41, 114, 2, 4}{637, 284, 33, 102, 2, 5}{545, 314, 45, 124, 2, 6}{347, 336, 58, 124, 2, 7}{55, 377, 52, 89, 2, 8}
{823, 159, 32, 87, 2, 1}{818, 186, 41, 136, 2, 2}{642, 193, 47, 129, 2, 3}{927, 269, 47, 116, 2, 4}{643, 283, 41, 95, 2, 5}{551, 315, 50, 116, 2, 6}{347, 339, 55, 135, 2, 7}{41, 374, 58, 111, 2, 8}
{823, 159, 32, 87, 2, 1}{818, 186, 41, 136, 2, 2}{642, 193, 47, 129, 2, 3}{927, 269, 47, 116, 2, 4}{651, 284, 40, 114, 2, 5}{545, 320, 43, 128, 2, 6}{347, 343, 50, 130, 2, 7}{0, 0, 0, 0, 2, 8}
{814, 159, 32, 87, 2, 1}{810, 186, 41, 136, 2, 2}{635, 194, 47, 129, 2, 3}{925, 269, 47, 116, 2, 4}{641, 289, 34, 114, 2, 5}{556, 318, 52, 108, 2, 6}{346, 344, 54, 131, 2, 7}{0, 0, 0, 0, 2, 8}
{805, 159, 32, 87, 2, 1}{802, 186, 41, 136, 2, 2}{625, 194, 47, 129, 2, 3}{928, 269, 47, 116, 2, 4}{656, 289, 36, 99, 2, 5}{558, 322, 54, 124, 2, 6}{342, 342, 59, 149, 2, 7}{0, 0, 0, 0, 2, 8}
{796, 158, 36, 96, 2, 1}{811, 187, 47, 126, 2, 2}{617, 193, 47, 129, 2, 3}{928, 269, 47, 116, 2, 4}{646, 288, 38, 104, 2, 5}{545, 317, 57, 130, 2, 6}{344, 342, 63, 146, 2, 7}{46, 398, 47, 107, 2, 8}
{796, 158, 36, 96, 2, 1}{811, 187, 47, 126, 2, 2}{631, 202, 43, 130, 2, 3}{935, 269, 47, 114, 2, 4}{633, 288, 41, 117, 2, 5}{556, 324, 50, 114, 2, 6}{349, 347, 67, 144, 2, 7}{71, 409, 43, 75, 2, 8}
{789, 158, 36, 96, 2, 1}{807, 187, 47, 126, 2, 2}{631, 202, 43, 130, 2, 3}{935, 269, 47, 114, 2, 4}{640, 296, 36, 107, 2, 5}{540, 327, 50, 130, 2, 6}{347, 353, 61, 167, 2, 7}{0, 0, 0, 0, 2, 8}
{780, 158, 36, 96, 2, 1}{801, 186, 47, 126, 2, 2}{623, 202, 43, 130, 2, 3}{927, 271, 47, 126, 2, 4}{640, 297, 37, 114, 2, 5}{544, 330, 45, 133, 2, 6}{340, 351, 71, 163, 2, 7}{0, 0, 0, 0, 2, 8}
{787, 160, 33, 99, 2, 1}{817, 186, 43, 126, 2, 2}{616, 202, 43, 130, 2, 3}{927, 271, 47, 126, 2, 4}{653, 288, 43, 85, 2, 5}{543, 329, 46, 135, 2, 6}{335, 358, 66, 155, 2, 7}{0, 0, 0, 0, 2, 8}
{787, 160, 33, 99, 2, 1}{817, 186, 43, 126, 2, 2}{640, 199, 52, 125, 2, 3}{927, 271, 47, 126, 2, 4}{653, 298, 36, 100, 2, 5}{554, 331, 46, 119, 2, 6}{342, 350, 77, 151, 2, 7}{0, 0, 0, 0, 2, 8}
{782, 160, 33, 99, 2, 1}{813, 186, 43, 126, 2, 2}{640, 199, 52, 125, 2, 3}{924, 271, 47, 126, 2, 4}{644, 291, 46, 113, 2, 5}{552, 342, 41, 144, 2, 6}{340, 368, 53, 165, 2, 7}{0, 0, 0, 0, 2, 8}
{776, 161, 33, 99, 2, 1}{807, 186, 43, 126, 2, 2}{633, 199, 52, 125, 2, 3}{934, 277, 41, 129, 2, 4}{635, 291, 45, 121, 2, 5}{561, 332, 50, 134, 2, 6}{348, 368, 54, 152, 2, 7}{0, 0, 0, 0, 2, 8}
{768, 162, 33, 99, 2, 1}{793, 193, 40, 146, 2, 2}{628, 199, 52, 125, 2, 3}{934, 277, 41, 129, 2, 4}{629, 298, 44, 128, 2, 5}{568, 336, 51, 114, 2, 6}{337, 365, 56, 163, 2, 7}{81, 431, 52, 80, 2, 8}
{789, 169, 27, 94, 2, 1}{793, 193, 40, 146, 2, 2}{625, 199, 52, 125, 2, 3}{938, 272, 51, 116, 2, 4}{646, 297, 40, 111, 2, 5}{558, 336, 45, 127, 2, 6}{351, 368, 55, 147, 2, 7}{106, 436, 45, 59, 2, 8}
{789, 169, 27, 94, 2, 1}{787, 193, 40, 146, 2, 2}{620, 197, 52, 125, 2, 3}{938, 272, 51, 116, 2, 4}{644, 291, 54, 120, 2, 5}{562, 337, 54, 134, 2, 6}{344, 366, 54, 162, 2, 7}{0, 0, 0, 0, 2, 8}
{770, 160, 37, 117, 2, 1}{797, 192, 41, 136, 2, 2}{630, 204, 53, 135, 2, 3}{939, 272, 51, 116, 2, 4}{647, 306, 35, 126, 2, 5}{563, 338, 58, 138, 2, 6}{357, 368, 55, 157, 2, 7}{0, 0, 0, 0, 2, 8}
{770, 160, 37, 117, 2, 1}{797, 192, 41, 136, 2, 2}{630, 204, 53, 135, 2, 3}{949, 274, 50, 128, 2, 4}{658, 299, 42, 124, 2, 5}{575, 349, 39, 120, 2, 6}{363, 368, 67, 165, 2, 7}{0, 0, 0, 0, 2, 8}
{768, 160, 37, 117, 2, 1}{789, 193, 39, 143, 2, 2}{623, 203, 53, 135, 2, 3}{949, 274, 50, 128, 2, 4}{652, 311, 39, 130, 2, 5}{572, 345, 48, 134, 2, 6}{372, 378, 62, 152, 2, 7}{0, 0, 0, 0, 2, 8}
{779, 164, 36, 110, 2, 1}{789, 193, 39, 143, 2, 2}{618, 204, 53, 135, 2, 3}{951, 273, 50, 128, 2, 4}{650, 300, 46, 130, 2, 5}{572, 341, 59, 148, 2, 6}{355, 375, 65, 178, 2, 7}{0, 0, 0, 0, 2, 8}
{779, 164, 36, 110, 2, 1}{783, 193, 39, 143, 2, 2}{613, 203, 53, 135, 2, 3}{955, 279, 45, 124, 2, 4}{667, 308, 41, 105, 2, 5}{576, 341, 60, 146, 2, 6}{358, 381, 62, 178, 2, 7}{109, 459, 47, 83, 2, 8}
{775, 164, 36, 110, 2, 1}{783, 196, 37, 159, 2, 2}{608, 204, 53, 135, 2, 3}{955, 279, 45, 124, 2, 4}{678, 313, 32, 101, 2, 5}{577, 344, 49, 149, 2, 6}{366, 381, 77, 180, 2, 7}{133, 468, 39, 58, 2, 8}
{775, 163, 36, 117, 2, 1}{783, 196, 37, 159, 2, 2}{622, 198, 54, 138, 2, 3}{963, 274, 52, 146, 2, 4}{683, 314, 25, 102, 2, 5}{587, 345, 50, 141, 2, 6}{369, 389, 65, 181, 2, 7}{0, 0, 0, 0, 2, 8}
{775, 163, 36, 117, 2, 1}{781, 196, 37, 159, 2, 2}{622, 198, 54, 138, 2, 3}{963, 274, 52, 146, 2, 4}{681, 306, 39, 112, 2, 5}{587, 350, 50, 143, 2, 6}{383, 388, 62, 165, 2, 7}{0, 0, 0, 0, 2, 8}
{770, 163, 36, 117, 2, 1}{808, 195, 41, 140, 2, 2}{620, 198, 54, 138, 2, 3}{961, 274, 52, 146, 2, 4}{691, 311, 35, 111, 2, 5}{593, 350, 49, 149, 2, 6}{379, 388, 63, 178, 2, 7}{0, 0, 0, 0, 2, 8}
{764, 162, 36, 117, 2, 1}{808, 195, 41, 140, 2, 2}{616, 198, 54, 138, 2, 3}{957, 272, 52, 146, 2, 4}{685, 313, 32, 126, 2, 5}{596, 349, 58, 142, 2, 6}{390, 386, 65, 154, 2, 7}{0, 0, 0, 0, 2, 8}
{758, 161, 36, 117, 2, 1}{809, 195, 41, 140, 2, 2}{641, 212, 44, 142, 2, 3}{976, 281, 46, 133, 2, 4}{683, 312, 43, 122, 2, 5}{608, 362, 41, 141, 2, 6}{393, 391, 55, 161, 2, 7}{0, 0, 0, 0, 2, 8}
{783, 161, 33, 110, 2, 1}{804, 190, 45, 137, 2, 2}{641, 212, 44, 142, 2, 3}{976, 281, 46, 133, 2, 4}{676, 310, 40, 136, 2, 5}{613, 354, 53, 156, 2, 6}{398, 387, 61, 177, 2, 7}{169, 473, 49, 73, 2, 8}
{783, 161, 33, 110, 2, 1}{804, 190, 45, 137, 2, 2}{638, 210, 44, 142, 2, 3}{977, 280, 46, 133, 2, 4}{689, 303, 46, 141, 2, 5}{612, 357, 46, 159, 2, 6}{409, 389, 64, 162, 2, 7}{172, 473, 50, 81, 2, 8}
{778, 160, 33, 110, 2, 1}{800, 188, 45, 137, 2, 2}{641, 206, 47, 129, 2, 3}{983, 279, 46, 133, 2, 4}{693, 303, 53, 144, 2, 5}{617, 357, 43, 141, 2, 6}{398, 391, 64, 192, 2, 7}{164, 474, 50, 104, 2, 8}
{774, 157, 39, 137, 2, 1}{796, 187, 45, 137, 2, 2}{641, 206, 47, 129, 2, 3}{976, 275, 45, 158, 2, 4}{715, 314, 35, 123, 2, 5}{631, 350, 49, 148, 2, 6}{398, 391, 64, 192, 2, 7}{0, 0, 0, 0, 2, 8}
{774, 157, 39, 137, 2, 1}{821, 190, 43, 132, 2, 2}{637, 203, 47, 129, 2, 3}{976, 275, 45, 158, 2, 4}{708, 307, 44, 140, 2, 5}{634, 349, 49, 131, 2, 6}{400, 389, 64, 192, 2, 7}{0, 0, 0, 0, 2, 8}
{768, 154, 39, 137, 2, 1}{821, 190, 43, 132, 2, 2}{641, 201, 43, 130, 2, 3}{976, 272, 45, 158, 2, 4}{709, 309, 38, 134, 2, 5}{617, 346, 56, 149, 2, 6}{398, 389, 64, 192, 2, 7}{202, 486, 46, 69, 2, 8}
{756, 149, 34, 143, 2, 1}{815, 187, 43, 132, 2, 2}{641, 201, 43, 130, 2, 3}{994, 271, 45, 158, 2, 4}{717, 306, 39, 122, 2, 5}{623, 347, 42, 140, 2, 6}{415, 376, 83, 204, 2, 7}{200, 491, 39, 78, 2, 8}
{756, 149, 34, 143, 2, 1}{801, 172, 45, 151, 2, 2}{634, 197, 43, 130, 2, 3}{997, 264, 46, 146, 2, 4}{719, 305, 41, 122, 2, 5}{631, 344, 56, 153, 2, 6}{429, 376, 89, 185, 2, 7}{187, 489, 42, 98, 2, 8}
{749, 146, 34, 143, 2, 1}{801, 172, 45, 151, 2, 2}{629, 194, 43, 130, 2, 3}{997, 264, 46, 146, 2, 4}{714, 300, 39, 121, 2, 5}{620, 341, 53, 181, 2, 6}{434, 382, 79, 181, 2, 7}{183, 485, 45, 103, 2, 8}
{756, 139, 37, 124, 2, 1}{790, 169, 45, 151, 2, 2}{629, 184, 50, 148, 2, 3}{993, 262, 46, 146, 2, 4}{709, 294, 40, 135, 2, 5}{630, 340, 52, 171, 2, 6}{426, 378, 79, 188, 2, 7}{166, 477, 58, 117, 2, 8}
{756, 139, 37, 124, 2, 1}{801, 166, 45, 151, 2, 2}{629, 184, 50, 148, 2, 3}{987, 256, 46, 146, 2, 4}{716, 300, 41, 136, 2, 5}{629, 336, 50, 159, 2, 6}{419, 374, 78, 188, 2, 7}{159, 477, 61, 133, 2, 8}
{748, 129, 44, 145, 2, 1}{796, 163, 45, 151, 2, 2}{635, 182, 50, 148, 2, 3}{967, 252, 46, 146, 2, 4}{714, 295, 30, 142, 2, 5}{650, 340, 43, 149, 2, 6}{426, 384, 55, 188, 2, 7}{153, 469, 63, 152, 2, 8}
{748, 129, 44, 145, 2, 1}{792, 158, 46, 140, 2, 2}{629, 185, 45, 136, 2, 3}{967, 252, 46, 146, 2, 4}{703, 280, 53, 139, 2, 5}{648, 338, 46, 152, 2, 6}{426, 384, 55, 188, 2, 7}{155, 476, 61, 155, 2, 8}
{738, 126, 44, 145, 2, 1}{792, 158, 46, 140, 2, 2}{629, 185, 45, 136, 2, 3}{963, 252, 46, 146, 2, 4}{715, 282, 47, 121, 2, 5}{638, 335, 45, 139, 2, 6}{420, 383, 55, 188, 2, 7}{139, 478, 60, 182, 2, 8}
{732, 123, 38, 133, 2, 1}{786, 156, 46, 140, 2, 2}{619, 183, 45, 136, 2, 3}{977, 239, 53, 148, 2, 4}{717, 286, 40, 122, 2, 5}{630, 330, 48, 167, 2, 6}{418, 382, 55, 188, 2, 7}{169, 476, 64, 150, 2, 8}
{732, 123, 38, 133, 2, 1}{780, 156, 46, 140, 2, 2}{619, 172, 48, 132, 2, 3}{977, 239, 53, 148, 2, 4}{719, 283, 43, 139, 2, 5}{642, 328, 45, 155, 2, 6}{438, 385, 55, 188, 2, 7}{162, 467, 76, 163, 2, 8}
{722, 120, 38, 133, 2, 1}{770, 154, 46, 140, 2, 2}{619, 172, 48, 132, 2, 3}{969, 236, 53, 148, 2, 4}{728, 277, 46, 128, 2, 5}{649, 329, 46, 157, 2, 6}{442, 384, 55, 188, 2, 7}{148, 468, 78, 187, 2, 8}
{715, 118, 38, 133, 2, 1}{762, 150, 46, 140, 2, 2}{612, 169, 48, 132, 2, 3}{959, 231, 53, 148, 2, 4}{715, 273, 47, 148, 2, 5}{630, 331, 44, 156, 2, 6}{442, 383, 55, 188, 2, 7}{133, 474, 82, 214, 2, 8}
{710, 116, 38, 133, 2, 1}{756, 148, 46, 140, 2, 2}{592, 165, 47, 149, 2, 3}{973, 234, 53, 148, 2, 4}{726, 277, 46, 141, 2, 5}{635, 329, 42, 148, 2, 6}{442, 382, 55, 188, 2, 7}{135, 483, 67, 206, 2, 8}
{721, 114, 34, 110, 2, 1}{760, 150, 46, 140, 2, 2}{592, 165, 47, 149, 2, 3}{977, 233, 53, 148, 2, 4}{708, 278, 42, 152, 2, 5}{629, 330, 47, 164, 2, 6}{432, 381, 55, 188, 2, 7}{140, 483, 68, 219, 2, 8}
{721, 114, 34, 110, 2, 1}{763, 146, 40, 129, 2, 2}{585, 166, 47, 149, 2, 3}{977, 234, 53, 148, 2, 4}{730, 277, 42, 127, 2, 5}{623, 315, 70, 181, 2, 6}{448, 373, 78, 208, 2, 7}{154, 492, 58, 217, 2, 8}
{716, 115, 34, 110, 2, 1}{763, 146, 40, 129, 2, 2}{580, 167, 47, 149, 2, 3}{973, 233, 53, 148, 2, 4}{740, 281, 36, 113, 2, 5}{623, 315, 70, 181, 2, 6}{448, 373, 78, 208, 2, 7}{162, 491, 66, 219, 2, 8}
{685, 114, 34, 155, 2, 1}{757, 146, 40, 129, 2, 2}{564, 171, 44, 180, 2, 3}{969, 232, 53, 148, 2, 4}{727, 279, 43, 142, 2, 5}{628, 317, 70, 181, 2, 6}{452, 377, 78, 208, 2, 7}{162, 493, 68, 219, 2, 8}
{685, 114, 34, 155, 2, 1}{744, 146, 40, 129, 2, 2}{564, 171, 44, 180, 2, 3}{957, 231, 53, 148, 2, 4}{722, 278, 42, 151, 2, 5}{633, 317, 70, 181, 2, 6}{452, 377, 78, 208, 2, 7}{171, 497, 69, 215, 2, 8}
{676, 114, 34, 155, 2, 1}{761, 147, 43, 134, 2, 2}{558, 171, 44, 180, 2, 3}{967, 232, 53, 148, 2, 4}{736, 277, 46, 118, 2, 5}{638, 317, 70, 181, 2, 6}{452, 377, 78, 208, 2, 7}{172, 494, 71, 232, 2, 8}
{665, 114, 34, 155, 2, 1}{761, 147, 43, 134, 2, 2}{548, 171, 44, 180, 2, 3}{969, 231, 53, 148, 2, 4}{710, 281, 47, 144, 2, 5}{639, 317, 70, 181, 2, 6}{448, 377, 78, 208, 2, 7}{185, 505, 62, 218, 2, 8}
{670, 113, 38, 146, 2, 1}{756, 147, 43, 134, 2, 2}{528, 169, 44, 180, 2, 3}{965, 232, 53, 148, 2, 4}{713, 275, 46, 136, 2, 5}{638, 317, 70, 181, 2, 6}{436, 377, 78, 208, 2, 7}{174, 508, 62, 245, 2, 8}
{670, 113, 38, 146, 2, 1}{734, 142, 49, 146, 2, 2}{520, 169, 44, 180, 2, 3}{957, 229, 53, 148, 2, 4}{714, 275, 45, 147, 2, 5}{627, 317, 70, 181, 2, 6}{428, 379, 78, 208, 2, 7}{179, 512, 64, 249, 2, 8}
{655, 114, 38, 146, 2, 1}{734, 142, 49, 146, 2, 2}{539, 171, 48, 167, 2, 3}{947, 228, 53, 148, 2, 4}{715, 281, 43, 144, 2, 5}{630, 319, 70, 181, 2, 6}{438, 381, 78, 208, 2, 7}{170, 511, 80, 264, 2, 8}
{661, 115, 37, 115, 2, 1}{718, 143, 49, 146, 2, 2}{539, 171, 48, 167, 2, 3}{935, 225, 53, 148, 2, 4}{690, 274, 51, 159, 2, 5}{623, 321, 70, 181, 2, 6}{436, 385, 78, 208, 2, 7}{171, 512, 99, 266, 2, 8}
{661, 115, 37, 115, 2, 1}{702, 144, 49, 146, 2, 2}{522, 171, 48, 167, 2, 3}{921, 224, 53, 148, 2, 4}{691, 279, 45, 153, 2, 5}{616, 321, 70, 181, 2, 6}{432, 387, 78, 208, 2, 7}{161, 517, 98, 260, 2, 8}
{645, 115, 37, 115, 2, 1}{690, 141, 49, 146, 2, 2}{509, 173, 48, 167, 2, 3}{921, 223, 53, 148, 2, 4}{691, 279, 45, 153, 2, 5}{607, 321, 70, 181, 2, 6}{420, 389, 78, 208, 2, 7}{140, 519, 89, 290, 2, 8}
{597, 112, 40, 138, 2, 1}{674, 142, 49, 146, 2, 2}{498, 175, 48, 167, 2, 3}{915, 224, 53, 148, 2, 4}{676, 278, 45, 153, 2, 5}{592, 321, 70, 181, 2, 6}{432, 402, 62, 221, 2, 7}{153, 522, 82, 296, 2, 8}
{597, 112, 40, 138, 2, 1}{658, 141, 49, 146, 2, 2}{483, 173, 48, 167, 2, 3}{901, 223, 53, 148, 2, 4}{661, 277, 45, 153, 2, 5}{579, 321, 70, 181, 2, 6}{432, 402, 62, 221, 2, 7}{162, 534, 73, 284, 2, 8}
{581, 112, 40, 138, 2, 1}{648, 142, 49, 146, 2, 2}{466, 173, 48, 167, 2, 3}{885, 224, 53, 148, 2, 4}{652, 278, 45, 153, 2, 5}{568, 319, 70, 181, 2, 6}{417, 404, 62, 221, 2, 7}{168, 540, 74, 285, 2, 8}
{576, 113, 38, 133, 2, 1}{635, 144, 41, 160, 2, 2}{459, 173, 48, 167, 2, 3}{875, 223, 53, 148, 2, 4}{655, 279, 45, 153, 2, 5}{573, 321, 70, 181, 2, 6}{423, 398, 77, 228, 2, 7}{151, 535, 81, 299, 2, 8}
{576, 113, 38, 133, 2, 1}{635, 144, 41, 160, 2, 2}{474, 181, 36, 153, 2, 3}{867, 220, 53, 148, 2, 4}{658, 280, 45, 153, 2, 5}{582, 323, 70, 181, 2, 6}{423, 398, 77, 228, 2, 7}{151, 535, 81, 299, 2, 8}
{569, 113, 38, 133, 2, 1}{629, 145, 41, 160, 2, 2}{474, 181, 36, 153, 2, 3}{875, 219, 53, 148, 2, 4}{659, 279, 45, 153, 2, 5}{585, 323, 70, 181, 2, 6}{421, 399, 77, 228, 2, 7}{160, 538, 81, 299, 2, 8}
{561, 113, 38, 133, 2, 1}{625, 146, 41, 160, 2, 2}{472, 181, 36, 153, 2, 3}{883, 222, 53, 148, 2, 4}{664, 278, 45, 153, 2, 5}{590, 323, 70, 181, 2, 6}{423, 398, 77, 228, 2, 7}{175, 537, 81, 299, 2, 8}
{563, 114, 35, 138, 2, 1}{615, 143, 41, 160, 2, 2}{471, 175, 40, 165, 2, 3}{885, 221, 53, 148, 2, 4}{666, 279, 41, 141, 2, 5}{597, 321, 70, 181, 2, 6}{423, 399, 77, 228, 2, 7}{186, 538, 81, 299, 2, 8}
{563, 114, 35, 138, 2, 1}{603, 142, 41, 160, 2, 2}{471, 175, 40, 165, 2, 3}{881, 220, 53, 148, 2, 4}{666, 279, 41, 141, 2, 5}{600, 319, 70, 181, 2, 6}{415, 400, 77, 228, 2, 7}{193, 539, 81, 299, 2, 8}
{555, 114, 35, 138, 2, 1}{611, 141, 44, 160, 2, 2}{464, 175, 40, 165, 2, 3}{877, 219, 53, 148, 2, 4}{684, 279, 44, 150, 2, 5}{601, 319, 70, 181, 2, 6}{423, 401, 77, 228, 2, 7}{202, 540, 81, 299, 2, 8}
{552, 115, 35, 138, 2, 1}{611, 141, 44, 160, 2, 2}{451, 175, 40, 165, 2, 3}{869, 218, 53, 148, 2, 4}{684, 279, 44, 150, 2, 5}{602, 319, 70, 181, 2, 6}{437, 404, 77, 228, 2, 7}{211, 541, 81, 299, 2, 8}
{534, 109, 42, 137, 2, 1}{603, 141, 44, 160, 2, 2}{456, 173, 40, 165, 2, 3}{892, 213, 44, 119, 2, 4}{682, 279, 44, 150, 2, 5}{601, 321, 70, 181, 2, 6}{439, 405, 77, 228, 2, 7}{220, 544, 81, 299, 2, 8}
{534, 109, 42, 137, 2, 1}{595, 141, 44, 160, 2, 2}{457, 175, 40, 165, 2, 3}{892, 213, 44, 119, 2, 4}{676, 281, 44, 150, 2, 5}{600, 321, 70, 181, 2, 6}{437, 406, 77, 228, 2, 7}{227, 545, 81, 299, 2, 8}
{520, 108, 42, 137, 2, 1}{591, 141, 44, 160, 2, 2}{452, 177, 40, 165, 2, 3}{892, 216, 42, 127, 2, 4}{664, 279, 44, 150, 2, 5}{595, 321, 70, 181, 2, 6}{433, 405, 77, 228, 2, 7}{236, 546, 81, 299, 2, 8}
{505, 122, 28, 148, 2, 1}{581, 141, 44, 160, 2, 2}{443, 179, 40, 165, 2, 3}{892, 216, 42, 127, 2, 4}{656, 279, 44, 150, 2, 5}{592, 321, 70, 181, 2, 6}{423, 406, 77, 228, 2, 7}{243, 547, 81, 299, 2, 8}
{505, 122, 28, 148, 2, 1}{567, 141, 44, 160, 2, 2}{438, 179, 40, 165, 2, 3}{882, 215, 42, 127, 2, 4}{648, 279, 44, 150, 2, 5}{585, 319, 70, 181, 2, 6}{439, 407, 77, 228, 2, 7}{250, 550, 81, 299, 2, 8}
{492, 123, 28, 148, 2, 1}{555, 141, 44, 160, 2, 2}{433, 179, 40, 165, 2, 3}{882, 215, 42, 127, 2, 4}{658, 279, 44, 150, 2, 5}{576, 319, 70, 181, 2, 6}{447, 406, 77, 228, 2, 7}{255, 551, 81, 299, 2, 8}
{497, 117, 35, 143, 2, 1}{543, 141, 44, 160, 2, 2}{422, 179, 40, 165, 2, 3}{871, 209, 48, 111, 2, 4}{658, 279, 44, 150, 2, 5}{579, 321, 70, 181, 2, 6}{457, 407, 77, 228, 2, 7}{260, 552, 81, 299, 2, 8}
{497, 117, 35, 143, 2, 1}{546, 150, 43, 176, 2, 2}{409, 181, 40, 165, 2, 3}{871, 209, 48, 111, 2, 4}{658, 279, 44, 150, 2, 5}{584, 321, 70, 181, 2, 6}{455, 408, 77, 228, 2, 7}{269, 555, 81, 299, 2, 8}
{490, 118, 35, 143, 2, 1}{546, 150, 43, 176, 2, 2}{404, 180, 42, 163, 2, 3}{871, 210, 48, 111, 2, 4}{652, 279, 44, 150, 2, 5}{589, 321, 70, 181, 2, 6}{453, 409, 77, 228, 2, 7}{284, 556, 81, 299, 2, 8}
{490, 123, 28, 135, 2, 1}{544, 149, 43, 176, 2, 2}{404, 180, 42, 163, 2, 3}{865, 208, 50, 129, 2, 4}{666, 276, 41, 143, 2, 5}{592, 321, 70, 181, 2, 6}{453, 408, 77, 228, 2, 7}{295, 557, 81, 299, 2, 8}
{490, 123, 28, 135, 2, 1}{532, 152, 43, 176, 2, 2}{401, 180, 42, 163, 2, 3}{865, 208, 50, 129, 2, 4}{666, 276, 41, 143, 2, 5}{597, 321, 70, 181, 2, 6}{449, 407, 77, 228, 2, 7}{302, 558, 81, 299, 2, 8}
{483, 123, 28, 135, 2, 1}{524, 153, 43, 176, 2, 2}{416, 180, 42, 163, 2, 3}{860, 208, 50, 129, 2, 4}{679, 277, 44, 143, 2, 5}{598, 321, 70, 181, 2, 6}{449, 408, 77, 228, 2, 7}{307, 557, 81, 299, 2, 8}
{460, 120, 38, 154, 2, 1}{518, 152, 43, 176, 2, 2}{401, 180, 42, 163, 2, 3}{851, 208, 50, 129, 2, 4}{679, 277, 44, 143, 2, 5}{593, 319, 70, 181, 2, 6}{461, 409, 77, 228, 2, 7}{320, 558, 81, 299, 2, 8}
{460, 120, 38, 154, 2, 1}{526, 153, 43, 176, 2, 2}{390, 180, 42, 163, 2, 3}{854, 208, 50, 129, 2, 4}{675, 278, 44, 143, 2, 5}{611, 327, 57, 187, 2, 6}{463, 412, 77, 228, 2, 7}{329, 559, 81, 299, 2, 8}
{452, 121, 38, 154, 2, 1}{524, 154, 43, 176, 2, 2}{383, 180, 42, 163, 2, 3}{855, 208, 50, 129, 2, 4}{676, 281, 39, 154, 2, 5}{611, 327, 57, 187, 2, 6}{471, 411, 77, 228, 2, 7}{336, 560, 81, 299, 2, 8}
{454, 120, 34, 144, 2, 1}{524, 155, 43, 176, 2, 2}{372, 180, 42, 163, 2, 3}{856, 208, 50, 129, 2, 4}{676, 281, 39, 154, 2, 5}{610, 328, 57, 187, 2, 6}{471, 412, 77, 228, 2, 7}{345, 559, 81, 299, 2, 8}
{454, 120, 34, 144, 2, 1}{516, 154, 43, 176, 2, 2}{382, 183, 41, 182, 2, 3}{849, 206, 50, 129, 2, 4}{671, 280, 39, 154, 2, 5}{607, 327, 57, 187, 2, 6}{469, 411, 77, 228, 2, 7}{350, 560, 81, 299, 2, 8}
{443, 122, 34, 144, 2, 1}{520, 147, 40, 158, 2, 2}{382, 183, 41, 182, 2, 3}{844, 208, 50, 129, 2, 4}{676, 274, 47, 137, 2, 5}{602, 328, 57, 187, 2, 6}{462, 411, 65, 279, 2, 7}{359, 561, 81, 299, 2, 8}
{441, 123, 35, 134, 2, 1}{520, 147, 40, 158, 2, 2}{376, 184, 41, 182, 2, 3}{837, 206, 50, 129, 2, 4}{676, 274, 47, 137, 2, 5}{589, 329, 57, 187, 2, 6}{462, 411, 65, 279, 2, 7}{366, 562, 81, 299, 2, 8}
{441, 123, 35, 134, 2, 1}{508, 147, 40, 158, 2, 2}{368, 185, 41, 182, 2, 3}{826, 204, 50, 129, 2, 4}{673, 273, 47, 137, 2, 5}{589, 329, 57, 187, 2, 6}{463, 412, 65, 279, 2, 7}{371, 561, 81, 299, 2, 8}
{430, 123, 35, 134, 2, 1}{502, 151, 40, 150, 2, 2}{364, 186, 41, 182, 2, 3}{827, 202, 50, 129, 2, 4}{666, 272, 47, 137, 2, 5}{578, 332, 57, 187, 2, 6}{462, 413, 65, 279, 2, 7}{371, 561, 81, 299, 2, 8}
{431, 126, 30, 141, 2, 1}{502, 151, 40, 150, 2, 2}{350, 187, 41, 182, 2, 3}{826, 202, 50, 129, 2, 4}{659, 271, 47, 137, 2, 5}{632, 326, 52, 162, 2, 6}{459, 414, 65, 279, 2, 7}{370, 562, 81, 299, 2, 8}
{431, 126, 30, 141, 2, 1}{490, 152, 40, 150, 2, 2}{336, 186, 41, 182, 2, 3}{821, 202, 50, 129, 2, 4}{652, 270, 47, 137, 2, 5}{632, 326, 52, 162, 2, 6}{452, 413, 65, 279, 2, 7}{369, 563, 81, 299, 2, 8}
{419, 126, 30, 141, 2, 1}{473, 153, 35, 179, 2, 2}{328, 185, 41, 182, 2, 3}{816, 202, 50, 129, 2, 4}{661, 269, 47, 137, 2, 5}{630, 326, 52, 162, 2, 6}{451, 412, 65, 279, 2, 7}{376, 560, 81, 299, 2, 8}
{388, 124, 36, 143, 2, 1}{473, 153, 35, 179, 2, 2}{335, 189, 34, 190, 2, 3}{809, 202, 50, 129, 2, 4}{666, 268, 47, 137, 2, 5}{634, 324, 52, 162, 2, 6}{487, 411, 54, 235, 2, 7}{379, 561, 81, 299, 2, 8}
{388, 124, 36, 143, 2, 1}{463, 153, 35, 179, 2, 2}{335, 189, 34, 190, 2, 3}{800, 202, 50, 129, 2, 4}{665, 265, 47, 137, 2, 5}{634, 322, 52, 162, 2, 6}{487, 411, 54, 235, 2, 7}{384, 562, 81, 299, 2, 8}
{378, 125, 36, 143, 2, 1}{474, 153, 31, 150, 2, 2}{327, 191, 34, 190, 2, 3}{793, 200, 50, 129, 2, 4}{664, 264, 47, 137, 2, 5}{634, 322, 52, 162, 2, 6}{492, 409, 54, 235, 2, 7}{391, 557, 81, 299, 2, 8}
{381, 130, 27, 126, 2, 1}{474, 153, 31, 150, 2, 2}{327, 191, 34, 190, 2, 3}{792, 198, 50, 129, 2, 4}{661, 265, 47, 137, 2, 5}{630, 320, 52, 162, 2, 6}{507, 409, 54, 235, 2, 7}{394, 556, 81, 299, 2, 8}
{381, 130, 27, 126, 2, 1}{471, 141, 46, 151, 2, 2}{319, 191, 34, 190, 2, 3}{800, 204, 37, 124, 2, 4}{650, 264, 47, 137, 2, 5}{630, 320, 52, 162, 2, 6}{504, 409, 54, 235, 2, 7}{400, 547, 87, 304, 2, 8}
{368, 132, 27, 126, 2, 1}{471, 141, 46, 151, 2, 2}{311, 191, 34, 190, 2, 3}{795, 198, 50, 129, 2, 4}{639, 265, 47, 137, 2, 5}{630, 320, 52, 162, 2, 6}{499, 411, 54, 235, 2, 7}{400, 547, 87, 304, 2, 8}
{346, 126, 31, 149, 2, 1}{470, 141, 46, 151, 2, 2}{295, 193, 34, 190, 2, 3}{792, 201, 40, 109, 2, 4}{634, 266, 47, 137, 2, 5}{630, 320, 52, 162, 2, 6}{498, 409, 54, 235, 2, 7}{402, 548, 87, 304, 2, 8}
{346, 126, 31, 149, 2, 1}{465, 141, 46, 151, 2, 2}{287, 193, 34, 190, 2, 3}{792, 201, 40, 109, 2, 4}{639, 265, 47, 137, 2, 5}{626, 320, 52, 162, 2, 6}{499, 409, 54, 235, 2, 7}{410, 549, 87, 304, 2, 8}
{334, 132, 34, 142, 2, 1}{460, 141, 46, 151, 2, 2}{289, 195, 34, 190, 2, 3}{792, 201, 40, 109, 2, 4}{640, 264, 47, 137, 2, 5}{620, 320, 52, 162, 2, 6}{540, 402, 60, 178, 2, 7}{454, 556, 85, 268, 2, 8}
{334, 132, 34, 142, 2, 1}{451, 143, 46, 151, 2, 2}{294, 195, 42, 192, 2, 3}{785, 196, 44, 88, 2, 4}{637, 265, 47, 137, 2, 5}{618, 320, 52, 162, 2, 6}{540, 402, 60, 178, 2, 7}{454, 556, 85, 268, 2, 8}
{323, 134, 34, 142, 2, 1}{446, 143, 46, 151, 2, 2}{294, 195, 42, 192, 2, 3}{785, 196, 44, 88, 2, 4}{632, 264, 47, 137, 2, 5}{616, 322, 52, 162, 2, 6}{542, 402, 60, 178, 2, 7}{442, 557, 85, 268, 2, 8}
{308, 137, 34, 142, 2, 1}{433, 145, 46, 151, 2, 2}{286, 197, 42, 192, 2, 3}{782, 197, 44, 88, 2, 4}{627, 265, 47, 137, 2, 5}{610, 322, 52, 162, 2, 6}{542, 402, 60, 178, 2, 7}{430, 560, 85, 268, 2, 8}
{324, 130, 42, 139, 2, 1}{430, 145, 46, 151, 2, 2}{278, 199, 42, 192, 2, 3}{766, 195, 48, 110, 2, 4}{630, 266, 47, 137, 2, 5}{610, 320, 52, 162, 2, 6}{542, 400, 60, 178, 2, 7}{445, 557, 80, 263, 2, 8}
{324, 130, 42, 139, 2, 1}{431, 145, 46, 151, 2, 2}{270, 201, 42, 192, 2, 3}{766, 195, 48, 110, 2, 4}{631, 265, 47, 137, 2, 5}{610, 320, 52, 162, 2, 6}{532, 400, 60, 178, 2, 7}{464, 563, 65, 212, 2, 8}
{317, 132, 42, 139, 2, 1}{422, 147, 46, 151, 2, 2}{262, 201, 42, 192, 2, 3}{759, 195, 48, 110, 2, 4}{630, 264, 47, 137, 2, 5}{610, 320, 52, 162, 2, 6}{524, 398, 60, 178, 2, 7}{486, 563, 55, 269, 2, 8}
{294, 142, 30, 143, 2, 1}{415, 149, 46, 151, 2, 2}{254, 201, 42, 192, 2, 3}{756, 193, 48, 110, 2, 4}{631, 263, 47, 137, 2, 5}{608, 318, 52, 162, 2, 6}{509, 406, 56, 220, 2, 7}{497, 556, 69, 257, 2, 8}
{294, 142, 30, 143, 2, 1}{410, 149, 46, 151, 2, 2}{252, 203, 42, 192, 2, 3}{746, 190, 55, 108, 2, 4}{632, 264, 47, 137, 2, 5}{604, 318, 52, 162, 2, 6}{509, 406, 56, 220, 2, 7}{509, 544, 71, 239, 2, 8}
{287, 144, 30, 143, 2, 1}{407, 151, 46, 151, 2, 2}{262, 207, 42, 190, 2, 3}{746, 190, 55, 108, 2, 4}{627, 265, 47, 137, 2, 5}{606, 318, 52, 162, 2, 6}{507, 408, 56, 220, 2, 7}{521, 543, 74, 224, 2, 8}
{287, 138, 39, 140, 2, 1}{408, 151, 46, 151, 2, 2}{262, 207, 42, 190, 2, 3}{741, 191, 55, 108, 2, 4}{620, 264, 47, 137, 2, 5}{610, 318, 52, 162, 2, 6}{509, 408, 56, 220, 2, 7}{562, 519, 93, 191, 2, 8}
{287, 138, 39, 140, 2, 1}{407, 151, 46, 151, 2, 2}{260, 209, 42, 190, 2, 3}{738, 191, 55, 108, 2, 4}{619, 265, 47, 137, 2, 5}{616, 320, 52, 162, 2, 6}{507, 410, 56, 220, 2, 7}{585, 510, 96, 169, 2, 8}
{281, 141, 39, 140, 2, 1}{410, 153, 46, 151, 2, 2}{256, 211, 42, 190, 2, 3}{748, 203, 43, 103, 2, 4}{624, 266, 47, 137, 2, 5}{614, 320, 52, 162, 2, 6}{575, 398, 64, 200, 2, 7}{611, 540, 66, 197, 2, 8}
{266, 146, 38, 144, 2, 1}{407, 155, 46, 151, 2, 2}{254, 213, 42, 190, 2, 3}{748, 203, 43, 103, 2, 4}{627, 267, 47, 137, 2, 5}{612, 322, 52, 162, 2, 6}{575, 398, 64, 200, 2, 7}{656, 537, 77, 125, 2, 8}
{266, 146, 38, 144, 2, 1}{400, 157, 46, 151, 2, 2}{242, 215, 42, 190, 2, 3}{746, 203, 43, 103, 2, 4}{626, 266, 47, 137, 2, 5}{610, 322, 52, 162, 2, 6}{575, 398, 64, 200, 2, 7}{0, 0, 0, 0, 2, 8}
{284, 146, 37, 128, 2, 1}{403, 157, 46, 151, 2, 2}{234, 217, 42, 190, 2, 3}{742, 201, 51, 91, 2, 4}{623, 267, 47, 137, 2, 5}{608, 322, 52, 162, 2, 6}{579, 400, 64, 200, 2, 7}{0, 0, 0, 0, 2, 8}
{284, 146, 37, 128, 2, 1}{398, 159, 46, 151, 2, 2}{234, 219, 42, 190, 2, 3}{742, 201, 51, 91, 2, 4}{618, 266, 47, 137, 2, 5}{608, 322, 52, 162, 2, 6}{583, 400, 64, 200, 2, 7}{0, 0, 0, 0, 2, 8}
{273, 149, 37, 128, 2, 1}{391, 161, 46, 151, 2, 2}{228, 223, 42, 190, 2, 3}{738, 203, 51, 91, 2, 4}{623, 269, 47, 137, 2, 5}{608, 324, 52, 162, 2, 6}{587, 398, 64, 200, 2, 7}{716, 538, 51, 109, 2, 8}
{264, 153, 37, 128, 2, 1}{384, 163, 46, 151, 2, 2}{248, 217, 45, 200, 2, 3}{741, 206, 48, 101, 2, 4}{628, 270, 47, 137, 2, 5}{610, 324, 52, 162, 2, 6}{587, 398, 64, 200, 2, 7}{711, 533, 60, 138, 2, 8}
{284, 151, 43, 120, 2, 1}{381, 165, 46, 151, 2, 2}{248, 217, 45, 200, 2, 3}{741, 206, 48, 101, 2, 4}{631, 271, 47, 137, 2, 5}{647, 322, 50, 119, 2, 6}{583, 400, 64, 200, 2, 7}{703, 530, 63, 138, 2, 8}
{284, 151, 43, 120, 2, 1}{371, 183, 37, 155, 2, 2}{246, 218, 45, 200, 2, 3}{735, 208, 48, 101, 2, 4}{636, 270, 47, 137, 2, 5}{647, 322, 50, 119, 2, 6}{579, 400, 64, 200, 2, 7}{699, 532, 60, 144, 2, 8}
{282, 153, 43, 120, 2, 1}{371, 183, 37, 155, 2, 2}{240, 221, 45, 200, 2, 3}{724, 211, 48, 101, 2, 4}{635, 273, 47, 137, 2, 5}{647, 323, 50, 119, 2, 6}{587, 400, 64, 200, 2, 7}{688, 530, 59, 154, 2, 8}
{277, 155, 43, 120, 2, 1}{361, 186, 37, 155, 2, 2}{232, 224, 45, 200, 2, 3}{729, 218, 39, 98, 2, 4}{628, 274, 47, 137, 2, 5}{646, 324, 50, 119, 2, 6}{591, 400, 64, 200, 2, 7}{693, 519, 72, 157, 2, 8}
{274, 157, 43, 120, 2, 1}{355, 187, 37, 155, 2, 2}{224, 227, 45, 200, 2, 3}{729, 218, 39, 98, 2, 4}{619, 275, 47, 137, 2, 5}{646, 324, 50, 119, 2, 6}{599, 400, 64, 200, 2, 7}{692, 506, 91, 151, 2, 8}
{250, 168, 39, 123, 2, 1}{354, 180, 49, 145, 2, 2}{232, 228, 45, 200, 2, 3}{721, 219, 39, 98, 2, 4}{614, 276, 47, 137, 2, 5}{662, 325, 46, 99, 2, 6}{597, 400, 64, 200, 2, 7}{712, 502, 82, 133, 2, 8}
{250, 168, 39, 123, 2, 1}{354, 180, 49, 145, 2, 2}{234, 229, 45, 200, 2, 3}{727, 217, 44, 94, 2, 4}{619, 277, 47, 137, 2, 5}{662, 325, 46, 99, 2, 6}{595, 400, 64, 200, 2, 7}{734, 493, 88, 122, 2, 8}
{242, 170, 39, 123, 2, 1}{351, 181, 49, 145, 2, 2}{232, 230, 45, 200, 2, 3}{727, 217, 44, 94, 2, 4}{622, 276, 47, 137, 2, 5}{662, 326, 46, 99, 2, 6}{599, 398, 64, 200, 2, 7}{750, 516, 58, 77, 2, 8}
{251, 165, 44, 114, 2, 1}{352, 182, 49, 145, 2, 2}{234, 231, 45, 200, 2, 3}{722, 218, 44, 94, 2, 4}{623, 275, 47, 137, 2, 5}{658, 326, 46, 99, 2, 6}{601, 398, 64, 200, 2, 7}{756, 519, 59, 67, 2, 8}
{251, 165, 44, 114, 2, 1}{355, 181, 49, 145, 2, 2}{226, 232, 45, 200, 2, 3}{711, 219, 47, 82, 2, 4}{620, 274, 47, 137, 2, 5}{659, 328, 46, 102, 2, 6}{605, 398, 64, 200, 2, 7}{0, 0, 0, 0, 2, 8}
{242, 167, 44, 114, 2, 1}{352, 182, 49, 145, 2, 2}{220, 233, 45, 200, 2, 3}{711, 219, 47, 82, 2, 4}{613, 275, 47, 137, 2, 5}{659, 328, 46, 102, 2, 6}{609, 398, 64, 200, 2, 7}{0, 0, 0, 0, 2, 8}
{231, 170, 44, 114, 2, 1}{343, 185, 49, 145, 2, 2}{208, 234, 45, 200, 2, 3}{707, 221, 47, 82, 2, 4}{616, 276, 47, 137, 2, 5}{656, 329, 44, 93, 2, 6}{607, 398, 64, 200, 2, 7}{0, 0, 0, 0, 2, 8}
{229, 174, 44, 113, 2, 1}{332, 188, 49, 145, 2, 2}{196, 235, 45, 200, 2, 3}{705, 215, 46, 98, 2, 4}{615, 277, 47, 137, 2, 5}{656, 329, 44, 93, 2, 6}{603, 396, 64, 200, 2, 7}{0, 0, 0, 0, 2, 8}
{229, 174, 44, 113, 2, 1}{331, 187, 49, 145, 2, 2}{229, 232, 57, 201, 2, 3}{705, 215, 46, 98, 2, 4}{616, 278, 47, 137, 2, 5}{659, 324, 49, 86, 2, 6}{599, 396, 64, 200, 2, 7}{0, 0, 0, 0, 2, 8}
{221, 175, 44, 113, 2, 1}{326, 188, 49, 145, 2, 2}{229, 232, 57, 201, 2, 3}{699, 215, 46, 98, 2, 4}{615, 277, 47, 137, 2, 5}{659, 324, 49, 86, 2, 6}{591, 396, 64, 200, 2, 7}{0, 0, 0, 0, 2, 8}
{220, 175, 44, 113, 2, 1}{323, 187, 49, 145, 2, 2}{224, 233, 57, 201, 2, 3}{692, 215, 46, 98, 2, 4}{614, 276, 47, 137, 2, 5}{656, 322, 49, 86, 2, 6}{587, 394, 64, 200, 2, 7}{0, 0, 0, 0, 2, 8}
{219, 186, 37, 108, 2, 1}{324, 188, 49, 145, 2, 2}{219, 236, 57, 201, 2, 3}{694, 219, 45, 87, 2, 4}{609, 275, 47, 137, 2, 5}{654, 325, 50, 102, 2, 6}{593, 392, 64, 200, 2, 7}{0, 0, 0, 0, 2, 8}
{219, 186, 37, 108, 2, 1}{319, 189, 49, 145, 2, 2}{214, 237, 57, 201, 2, 3}{694, 219, 45, 87, 2, 4}{602, 274, 47, 137, 2, 5}{654, 325, 50, 102, 2, 6}{597, 390, 64, 200, 2, 7}{0, 0, 0, 0, 2, 8}
{209, 187, 37, 108, 2, 1}{314, 190, 49, 145, 2, 2}{209, 238, 57, 201, 2, 3}{686, 219, 45, 87, 2, 4}{593, 275, 47, 137, 2, 5}{649, 324, 50, 102, 2, 6}{599, 388, 64, 200, 2, 7}{0, 0, 0, 0, 2, 8}
{200, 179, 41, 113, 2, 1}{311, 187, 49, 145, 2, 2}{200, 237, 57, 201, 2, 3}{676, 219, 45, 87, 2, 4}{592, 274, 47, 137, 2, 5}{655, 312, 53, 89, 2, 6}{593, 386, 64, 200, 2, 7}{0, 0, 0, 0, 2, 8}
{200, 179, 41, 113, 2, 1}{306, 188, 49, 145, 2, 2}{189, 238, 57, 201, 2, 3}{683, 219, 42, 79, 2, 4}{593, 273, 47, 137, 2, 5}{655, 312, 53, 89, 2, 6}{591, 384, 64, 200, 2, 7}{0, 0, 0, 0, 2, 8}
{196, 179, 41, 113, 2, 1}{295, 189, 49, 145, 2, 2}{182, 239, 57, 201, 2, 3}{683, 219, 42, 79, 2, 4}{594, 270, 47, 137, 2, 5}{641, 320, 45, 107, 2, 6}{635, 383, 52, 133, 2, 7}{0, 0, 0, 0, 2, 8}
{177, 182, 38, 124, 2, 1}{292, 192, 49, 145, 2, 2}{206, 244, 42, 169, 2, 3}{679, 213, 41, 67, 2, 4}{589, 271, 47, 137, 2, 5}{641, 320, 45, 107, 2, 6}{635, 383, 52, 133, 2, 7}{0, 0, 0, 0, 2, 8}
{177, 182, 38, 124, 2, 1}{291, 193, 49, 145, 2, 2}{206, 244, 42, 169, 2, 3}{679, 213, 41, 67, 2, 4}{584, 270, 47, 137, 2, 5}{637, 320, 45, 107, 2, 6}{636, 383, 52, 133, 2, 7}{0, 0, 0, 0, 2, 8}
{166, 185, 38, 124, 2, 1}{291, 193, 49, 145, 2, 2}{202, 248, 42, 169, 2, 3}{673, 215, 41, 67, 2, 4}{579, 271, 47, 137, 2, 5}{648, 321, 38, 84, 2, 6}{635, 385, 52, 133, 2, 7}{0, 0, 0, 0, 2, 8}