#Header, frames per second, video resolution(hight width), total number of frames in video.
FPS: 30
RES: 1080 1920
TNF: 80
Skip: 3
#Data x, y, h, w, c, and l always in this order, for each lane. Sorted in order.
{884, 201, 37, 64, 2, 1}{861, 235, 35, 93, 2, 2}{850, 255, 51, 101, 2, 3}{787, 312, 41, 158, 2, 4}{784, 332, 71, 117, 2, 5}{745, 437, 52, 220, 2, 6}{807, 491, 117, 238, 2, 7}{751, 736, 105, 455, 2, 8}
{884, 201, 37, 64, 2, 1}{861, 235, 35, 93, 2, 2}{850, 255, 51, 101, 2, 3}{787, 312, 41, 158, 2, 4}{784, 332, 71, 117, 2, 5}{745, 437, 52, 220, 2, 6}{807, 491, 117, 238, 2, 7}{751, 736, 105, 455, 2, 8}
{875, 211, 36, 67, 2, 1}{853, 235, 35, 93, 2, 2}{844, 255, 51, 101, 2, 3}{781, 311, 41, 158, 2, 4}{720, 350, 45, 155, 2, 5}{733, 441, 52, 220, 2, 6}{789, 490, 117, 238, 2, 7}{744, 735, 105, 455, 2, 8}
{875, 211, 36, 67, 2, 1}{844, 235, 35, 93, 2, 2}{813, 278, 28, 116, 2, 3}{781, 314, 41, 158, 2, 4}{720, 350, 45, 155, 2, 5}{731, 447, 52, 220, 2, 6}{676, 523, 77, 286, 2, 7}{748, 708, 136, 330, 2, 8}
{874, 211, 36, 67, 2, 1}{818, 248, 31, 99, 2, 2}{813, 278, 28, 116, 2, 3}{777, 313, 41, 158, 2, 4}{715, 351, 45, 155, 2, 5}{660, 443, 51, 255, 2, 6}{676, 523, 77, 286, 2, 7}{748, 708, 136, 330, 2, 8}
{840, 223, 22, 86, 2, 1}{818, 248, 31, 99, 2, 2}{782, 273, 33, 138, 2, 3}{741, 309, 49, 157, 2, 4}{690, 363, 39, 164, 2, 5}{660, 443, 51, 255, 2, 6}{662, 526, 77, 286, 2, 7}{697, 692, 163, 279, 2, 8}
{840, 223, 22, 86, 2, 1}{816, 249, 31, 99, 2, 2}{782, 273, 33, 138, 2, 3}{741, 309, 49, 157, 2, 4}{690, 363, 39, 164, 2, 5}{649, 444, 51, 255, 2, 6}{592, 538, 62, 334, 2, 7}{680, 710, 152, 263, 2, 8}
{826, 218, 30, 86, 2, 1}{784, 245, 28, 96, 5, 2}{781, 273, 33, 138, 2, 3}{740, 310, 49, 157, 5, 4}{690, 363, 39, 164, 5, 5}{644, 445, 51, 255, 2, 6}{592, 538, 62, 334, 2, 7}{680, 710, 152, 263, 2, 8}
{826, 218, 30, 86, 2, 1}{784, 245, 28, 96, 5, 2}{781, 273, 33, 138, 2, 3}{741, 311, 49, 157, 5, 4}{693, 361, 39, 164, 5, 5}{618, 447, 51, 255, 5, 6}{588, 540, 62, 334, 2, 7}{675, 710, 152, 263, 2, 8}
{826, 218, 30, 86, 2, 1}{784, 245, 28, 96, 5, 2}{781, 273, 33, 138, 5, 3}{740, 312, 49, 157, 5, 4}{693, 346, 62, 126, 5, 5}{615, 448, 51, 255, 5, 6}{524, 547, 52, 374, 5, 7}{674, 716, 152, 263, 2, 8}
{799, 217, 31, 102, 5, 1}{783, 245, 28, 96, 5, 2}{751, 270, 36, 112, 5, 3}{734, 303, 52, 138, 5, 4}{693, 346, 62, 126, 5, 5}{612, 447, 51, 255, 5, 6}{524, 547, 52, 374, 5, 7}{683, 722, 152, 263, 2, 8}
{799, 217, 31, 102, 5, 1}{783, 245, 28, 96, 5, 2}{751, 270, 36, 112, 5, 3}{734, 303, 52, 138, 5, 4}{693, 346, 62, 126, 5, 5}{617, 446, 51, 255, 5, 6}{522, 547, 52, 374, 5, 7}{680, 722, 152, 263, 2, 8}
{798, 217, 31, 102, 5, 1}{784, 244, 28, 96, 5, 2}{751, 270, 36, 112, 5, 3}{734, 303, 52, 138, 5, 4}{693, 346, 62, 126, 5, 5}{622, 443, 51, 255, 5, 6}{524, 511, 94, 244, 5, 7}{0, 0, 0, 0, 2, 8}
{798, 217, 31, 102, 5, 1}{783, 245, 28, 96, 5, 2}{751, 270, 36, 112, 5, 3}{734, 303, 52, 138, 5, 4}{691, 346, 62, 126, 5, 5}{627, 442, 51, 255, 5, 6}{524, 511, 94, 244, 5, 7}{420, 747, 74, 113, 5, 8}
{798, 217, 31, 102, 5, 1}{783, 245, 28, 96, 5, 2}{751, 270, 36, 112, 5, 3}{734, 303, 52, 138, 5, 4}{719, 353, 64, 145, 5, 5}{626, 441, 51, 255, 5, 6}{522, 511, 94, 244, 5, 7}{420, 747, 74, 113, 5, 8}
{793, 210, 41, 68, 5, 1}{783, 245, 28, 96, 5, 2}{751, 270, 36, 112, 5, 3}{734, 303, 52, 138, 5, 4}{719, 353, 64, 145, 5, 5}{671, 434, 66, 190, 5, 6}{518, 509, 94, 244, 5, 7}{419, 741, 74, 113, 5, 8}
{793, 210, 41, 68, 5, 1}{802, 241, 31, 59, 5, 2}{751, 270, 36, 112, 5, 3}{734, 303, 52, 138, 5, 4}{720, 353, 64, 145, 5, 5}{671, 434, 66, 190, 5, 6}{518, 507, 94, 244, 5, 7}{420, 737, 74, 113, 5, 8}
{793, 210, 41, 68, 5, 1}{802, 241, 31, 59, 5, 2}{752, 270, 36, 112, 5, 3}{736, 303, 52, 138, 5, 4}{723, 353, 64, 145, 5, 5}{677, 434, 66, 190, 5, 6}{536, 504, 127, 200, 5, 7}{382, 707, 131, 134, 5, 8}
{793, 210, 41, 68, 5, 1}{802, 241, 31, 59, 5, 2}{770, 267, 48, 90, 5, 3}{734, 303, 52, 138, 5, 4}{726, 353, 64, 145, 5, 5}{681, 434, 66, 190, 5, 6}{536, 504, 127, 200, 5, 7}{382, 707, 131, 134, 5, 8}
{793, 210, 41, 68, 5, 1}{803, 241, 31, 59, 5, 2}{770, 267, 48, 90, 5, 3}{741, 307, 53, 102, 5, 4}{727, 353, 64, 145, 5, 5}{685, 434, 66, 190, 5, 6}{536, 505, 127, 200, 5, 7}{382, 706, 131, 134, 5, 8}
{793, 210, 41, 68, 5, 1}{803, 241, 31, 59, 5, 2}{771, 267, 48, 90, 5, 3}{741, 307, 53, 102, 5, 4}{730, 353, 64, 145, 5, 5}{689, 434, 66, 190, 5, 6}{538, 506, 127, 200, 5, 7}{382, 707, 131, 134, 5, 8}
{793, 210, 41, 68, 5, 1}{804, 241, 31, 59, 5, 2}{774, 267, 48, 90, 5, 3}{742, 307, 53, 102, 5, 4}{731, 355, 64, 145, 5, 5}{691, 432, 66, 190, 5, 6}{542, 507, 127, 200, 5, 7}{384, 708, 131, 134, 5, 8}
{793, 210, 41, 68, 5, 1}{807, 241, 31, 59, 5, 2}{777, 267, 48, 90, 5, 3}{743, 307, 53, 102, 5, 4}{734, 353, 64, 145, 5, 5}{695, 430, 66, 190, 5, 6}{544, 506, 127, 200, 5, 7}{388, 709, 131, 134, 5, 8}
{793, 210, 41, 68, 5, 1}{807, 241, 31, 59, 5, 2}{780, 267, 48, 90, 5, 3}{746, 306, 53, 102, 5, 4}{737, 355, 64, 145, 5, 5}{707, 429, 85, 106, 5, 6}{544, 505, 127, 200, 5, 7}{390, 710, 131, 134, 5, 8}
{793, 210, 41, 68, 5, 1}{815, 238, 35, 52, 5, 2}{799, 269, 41, 48, 5, 3}{746, 305, 53, 102, 5, 4}{740, 355, 64, 145, 5, 5}{707, 429, 85, 106, 5, 6}{542, 504, 127, 200, 5, 7}{388, 709, 131, 134, 5, 8}
{793, 210, 41, 68, 5, 1}{815, 238, 35, 52, 5, 2}{799, 269, 41, 48, 5, 3}{746, 306, 53, 102, 5, 4}{739, 343, 69, 93, 5, 5}{709, 428, 85, 106, 5, 6}{542, 505, 127, 200, 5, 7}{355, 717, 126, 180, 5, 8}
{793, 210, 41, 68, 5, 1}{815, 238, 35, 52, 5, 2}{800, 268, 41, 48, 5, 3}{746, 305, 53, 102, 5, 4}{739, 341, 69, 93, 5, 5}{713, 425, 85, 106, 5, 6}{542, 504, 127, 200, 5, 7}{355, 717, 126, 180, 5, 8}