#Header, frames per second, video resolution(hight width), total number of frames in video.
FPS: 29.97
RES: 720 1280
TNF: 84
Skip: 1
#Data x, y, h, w, c, and l always in this order, for each lane. Sorted in order.
{777, 121, 66, 44, 0, 1}{760, 179, 35, 40, 5, 1}{797, 125, 72, 46, 0, 2}{781, 204, 31, 37, 5, 2}{811, 141, 66, 53, 0, 3}{790, 209, 44, 42, 5, 3}{830, 157, 67, 57, 0, 4}{816, 242, 38, 41, 5, 4}{848, 170, 83, 86, 0, 5}{833, 267, 41, 43, 5, 5}{892, 183, 113, 113, 0, 6}{955, 229, 125, 136, 0, 7}{1082, 275, 199, 168, 0, 8}
{777, 124, 59, 45, 0, 1}{760, 179, 33, 36, 5, 1}{795, 130, 65, 47, 0, 2}{784, 203, 26, 32, 5, 2}{810, 143, 62, 55, 0, 3}{790, 212, 38, 41, 5, 3}{831, 159, 65, 59, 0, 4}{817, 241, 38, 41, 5, 4}{855, 172, 79, 71, 0, 5}{835, 265, 37, 35, 5, 5}{897, 192, 102, 106, 0, 6}{961, 228, 129, 126, 0, 7}{1086, 292, 171, 162, 0, 8}
{777, 124, 59, 45, 0, 1}{758, 180, 31, 40, 5, 1}{795, 130, 55, 44, 0, 2}{787, 202, 31, 34, 5, 2}{810, 143, 62, 55, 0, 3}{789, 211, 38, 43, 5, 3}{831, 159, 65, 59, 0, 4}{817, 241, 38, 41, 5, 4}{855, 172, 79, 71, 0, 5}{834, 267, 37, 35, 5, 5}{897, 192, 102, 106, 0, 6}{961, 228, 129, 126, 0, 7}{1086, 292, 171, 162, 0, 8}
{777, 124, 59, 45, 0, 1}{760, 179, 35, 40, 5, 1}{793, 131, 59, 53, 0, 2}{785, 202, 33, 39, 5, 2}{810, 143, 62, 55, 0, 3}{790, 209, 44, 42, 5, 3}{831, 159, 65, 59, 0, 4}{817, 241, 38, 41, 5, 4}{855, 172, 79, 71, 0, 5}{834, 267, 37, 35, 5, 5}{897, 192, 102, 106, 0, 6}{961, 229, 129, 126, 0, 7}{1086, 293, 171, 162, 0, 8}
{777, 124, 59, 45, 0, 1}{760, 181, 28, 37, 5, 1}{795, 130, 65, 47, 0, 2}{784, 202, 27, 37, 5, 2}{810, 143, 62, 55, 0, 3}{791, 209, 41, 43, 5, 3}{831, 159, 65, 59, 0, 4}{817, 241, 38, 41, 5, 4}{855, 172, 79, 71, 0, 5}{834, 267, 37, 35, 5, 5}{897, 192, 102, 106, 0, 6}{961, 230, 129, 126, 0, 7}{1086, 292, 171, 162, 0, 8}
{777, 124, 59, 45, 0, 1}{760, 181, 28, 37, 5, 1}{795, 130, 65, 47, 0, 2}{784, 202, 27, 37, 5, 2}{810, 143, 62, 55, 0, 3}{789, 211, 39, 45, 5, 3}{831, 159, 65, 59, 0, 4}{817, 241, 38, 41, 5, 4}{855, 172, 79, 71, 0, 5}{834, 267, 37, 35, 5, 5}{897, 192, 102, 106, 0, 6}{961, 229, 129, 126, 0, 7}{1086, 293, 171, 162, 0, 8}
{777, 124, 59, 45, 0, 1}{760, 181, 28, 37, 5, 1}{795, 130, 65, 47, 0, 2}{784, 202, 27, 37, 5, 2}{810, 143, 62, 55, 0, 3}{789, 211, 39, 45, 5, 3}{831, 159, 65, 59, 0, 4}{817, 241, 38, 41, 5, 4}{855, 172, 79, 71, 0, 5}{834, 267, 37, 35, 5, 5}{897, 192, 102, 106, 0, 6}{961, 230, 129, 126, 0, 7}{1086, 292, 171, 162, 0, 8}
{777, 124, 59, 45, 0, 1}{760, 181, 28, 37, 5, 1}{795, 130, 65, 47, 0, 2}{784, 202, 27, 37, 5, 2}{810, 143, 62, 55, 0, 3}{789, 211, 39, 45, 5, 3}{831, 159, 65, 59, 0, 4}{817, 241, 38, 41, 5, 4}{855, 172, 79, 71, 0, 5}{834, 267, 37, 35, 5, 5}{897, 192, 102, 106, 0, 6}{961, 229, 129, 126, 0, 7}{1086, 293, 171, 162, 0, 8}
{777, 124, 59, 45, 0, 1}{760, 181, 28, 37, 5, 1}{795, 130, 65, 47, 0, 2}{784, 202, 27, 37, 5, 2}{810, 143, 62, 55, 0, 3}{789, 211, 39, 45, 5, 3}{831, 159, 65, 59, 0, 4}{817, 241, 38, 41, 5, 4}{855, 172, 79, 71, 0, 5}{834, 267, 37, 35, 5, 5}{897, 192, 102, 106, 0, 6}{961, 230, 129, 126, 0, 7}{1086, 292, 171, 162, 0, 8}
{777, 124, 59, 45, 0, 1}{760, 181, 28, 37, 5, 1}{795, 130, 65, 47, 0, 2}{784, 202, 27, 37, 5, 2}{810, 143, 62, 55, 0, 3}{789, 211, 39, 45, 5, 3}{831, 159, 65, 59, 0, 4}{817, 241, 38, 41, 5, 4}{855, 172, 79, 71, 0, 5}{834, 267, 37, 35, 5, 5}{897, 192, 102, 106, 0, 6}{961, 229, 129, 126, 0, 7}{1086, 293, 171, 162, 0, 8}
{777, 124, 59, 45, 0, 1}{760, 181, 28, 37, 5, 1}{795, 130, 65, 47, 0, 2}{784, 202, 27, 37, 5, 2}{810, 143, 62, 55, 0, 3}{789, 211, 39, 45, 5, 3}{831, 159, 65, 59, 0, 4}{817, 241, 38, 41, 5, 4}{855, 172, 79, 71, 0, 5}{834, 267, 37, 35, 5, 5}{897, 192, 102, 106, 0, 6}{961, 230, 129, 126, 0, 7}{1086, 292, 171, 162, 0, 8}
{777, 124, 59, 45, 0, 1}{760, 181, 28, 37, 5, 1}{795, 130, 65, 47, 0, 2}{784, 202, 27, 37, 5, 2}{810, 143, 62, 55, 0, 3}{789, 211, 39, 45, 5, 3}{831, 159, 65, 59, 0, 4}{817, 241, 38, 41, 5, 4}{855, 172, 79, 71, 0, 5}{834, 267, 37, 35, 5, 5}{897, 192, 102, 106, 0, 6}{961, 229, 129, 126, 0, 7}{1086, 293, 171, 162, 0, 8}
{777, 124, 59, 45, 0, 1}{760, 181, 28, 37, 5, 1}{795, 130, 65, 47, 0, 2}{784, 202, 27, 37, 5, 2}{810, 143, 62, 55, 0, 3}{789, 211, 39, 45, 5, 3}{831, 159, 65, 59, 0, 4}{817, 241, 38, 41, 5, 4}{855, 172, 79, 71, 0, 5}{834, 267, 37, 35, 5, 5}{897, 192, 102, 106, 0, 6}{961, 230, 129, 126, 0, 7}{1086, 292, 171, 162, 0, 8}
{777, 124, 59, 45, 0, 1}{760, 181, 28, 37, 5, 1}{795, 130, 65, 47, 0, 2}{784, 202, 27, 37, 5, 2}{810, 143, 62, 55, 0, 3}{789, 211, 39, 45, 5, 3}{831, 159, 65, 59, 0, 4}{817, 241, 38, 41, 5, 4}{855, 172, 79, 71, 0, 5}{834, 267, 37, 35, 5, 5}{897, 192, 102, 106, 0, 6}{961, 229, 129, 126, 0, 7}{1086, 293, 171, 162, 0, 8}
{777, 124, 59, 45, 0, 1}{760, 181, 28, 37, 5, 1}{795, 130, 65, 47, 0, 2}{784, 202, 27, 37, 5, 2}{810, 143, 62, 55, 0, 3}{789, 211, 39, 45, 5, 3}{831, 159, 65, 59, 0, 4}{817, 241, 38, 41, 5, 4}{856, 172, 79, 71, 0, 5}{834, 267, 37, 35, 5, 5}{897, 192, 102, 106, 0, 6}{961, 230, 129, 126, 0, 7}{1086, 292, 171, 162, 0, 8}
{777, 124, 59, 45, 0, 1}{760, 181, 28, 37, 5, 1}{795, 130, 65, 47, 0, 2}{784, 202, 27, 37, 5, 2}{810, 143, 62, 55, 0, 3}{789, 211, 39, 45, 5, 3}{831, 159, 65, 59, 0, 4}{817, 241, 38, 41, 5, 4}{857, 172, 79, 71, 0, 5}{834, 267, 37, 35, 5, 5}{897, 192, 102, 106, 0, 6}{961, 229, 129, 126, 0, 7}{1086, 293, 171, 162, 0, 8}
{777, 124, 59, 45, 0, 1}{760, 181, 28, 37, 5, 1}{795, 130, 65, 47, 0, 2}{784, 202, 27, 37, 5, 2}{810, 143, 62, 55, 0, 3}{789, 211, 39, 45, 5, 3}{831, 159, 65, 59, 0, 4}{817, 241, 38, 41, 5, 4}{856, 172, 79, 71, 0, 5}{834, 267, 37, 35, 5, 5}{897, 192, 102, 106, 0, 6}{961, 230, 129, 126, 0, 7}{1086, 292, 171, 162, 0, 8}
{777, 124, 59, 45, 0, 1}{760, 181, 28, 37, 5, 1}{795, 130, 65, 47, 0, 2}{784, 202, 27, 37, 5, 2}{810, 143, 62, 55, 0, 3}{789, 211, 39, 45, 5, 3}{831, 159, 65, 59, 0, 4}{817, 241, 38, 41, 5, 4}{857, 172, 79, 71, 0, 5}{834, 267, 37, 35, 5, 5}{897, 192, 102, 106, 0, 6}{961, 229, 129, 126, 0, 7}{1086, 293, 171, 162, 0, 8}
{777, 124, 59, 45, 0, 1}{760, 181, 28, 37, 5, 1}{795, 130, 65, 47, 0, 2}{784, 202, 27, 37, 5, 2}{810, 143, 62, 55, 0, 3}{789, 211, 39, 45, 5, 3}{831, 159, 65, 59, 0, 4}{817, 241, 38, 41, 5, 4}{856, 172, 79, 71, 0, 5}{834, 267, 37, 35, 5, 5}{897, 192, 102, 106, 0, 6}{961, 230, 129, 126, 0, 7}{1086, 292, 171, 162, 0, 8}
{777, 124, 59, 45, 0, 1}{760, 181, 28, 37, 5, 1}{795, 130, 65, 47, 0, 2}{784, 202, 27, 37, 5, 2}{810, 143, 62, 55, 0, 3}{789, 211, 39, 45, 5, 3}{831, 159, 65, 59, 0, 4}{817, 241, 38, 41, 5, 4}{857, 172, 79, 71, 0, 5}{834, 267, 37, 35, 5, 5}{897, 192, 102, 106, 0, 6}{961, 229, 129, 126, 0, 7}{1086, 293, 171, 162, 0, 8}
{777, 124, 59, 45, 0, 1}{760, 181, 28, 37, 5, 1}{795, 130, 65, 47, 0, 2}{784, 202, 27, 37, 5, 2}{810, 143, 62, 55, 0, 3}{789, 211, 39, 45, 5, 3}{831, 159, 65, 59, 0, 4}{817, 241, 38, 41, 5, 4}{856, 172, 79, 71, 0, 5}{834, 267, 37, 35, 5, 5}{897, 192, 102, 106, 0, 6}{961, 230, 129, 126, 0, 7}{1086, 292, 171, 162, 0, 8}
{777, 124, 59, 45, 0, 1}{760, 181, 28, 37, 5, 1}{795, 130, 65, 47, 0, 2}{784, 202, 27, 37, 5, 2}{810, 143, 62, 55, 0, 3}{789, 211, 39, 45, 5, 3}{831, 159, 65, 59, 0, 4}{817, 241, 38, 41, 5, 4}{857, 172, 79, 71, 0, 5}{834, 267, 37, 35, 5, 5}{897, 192, 102, 106, 0, 6}{961, 229, 129, 126, 0, 7}{1086, 293, 171, 162, 0, 8}
{777, 124, 59, 45, 0, 1}{760, 181, 28, 37, 5, 1}{795, 130, 65, 47, 0, 2}{784, 202, 27, 37, 5, 2}{810, 143, 62, 55, 0, 3}{789, 211, 39, 45, 5, 3}{831, 159, 65, 59, 0, 4}{817, 241, 38, 41, 5, 4}{856, 172, 79, 71, 0, 5}{834, 267, 37, 35, 5, 5}{897, 192, 102, 106, 0, 6}{961, 230, 129, 126, 0, 7}{1086, 292, 171, 162, 0, 8}
{777, 124, 59, 45, 0, 1}{760, 181, 28, 37, 5, 1}{795, 130, 65, 47, 0, 2}{784, 202, 27, 37, 5, 2}{810, 143, 62, 55, 0, 3}{789, 211, 39, 45, 5, 3}{831, 159, 65, 59, 0, 4}{817, 241, 38, 41, 5, 4}{857, 172, 79, 71, 0, 5}{834, 267, 37, 35, 5, 5}{897, 192, 102, 106, 0, 6}{961, 229, 129, 126, 0, 7}{1086, 293, 171, 162, 0, 8}
{777, 124, 59, 45, 0, 1}{760, 181, 28, 37, 5, 1}{795, 130, 65, 47, 0, 2}{784, 202, 27, 37, 5, 2}{810, 143, 62, 55, 0, 3}{789, 211, 39, 45, 5, 3}{831, 159, 65, 59, 0, 4}{817, 241, 38, 41, 5, 4}{856, 172, 79, 71, 0, 5}{834, 267, 37, 35, 5, 5}{897, 192, 102, 106, 0, 6}{961, 230, 129, 126, 0, 7}{1086, 292, 171, 162, 0, 8}
{777, 124, 59, 45, 0, 1}{760, 181, 28, 37, 5, 1}{795, 130, 65, 47, 0, 2}{784, 202, 27, 37, 5, 2}{810, 143, 62, 55, 0, 3}{789, 211, 39, 45, 5, 3}{831, 159, 65, 59, 0, 4}{817, 241, 38, 41, 5, 4}{857, 172, 79, 71, 0, 5}{834, 267, 37, 35, 5, 5}{897, 192, 102, 106, 0, 6}{961, 229, 129, 126, 0, 7}{1086, 293, 171, 162, 0, 8}
{777, 124, 59, 45, 0, 1}{760, 181, 28, 37, 5, 1}{795, 130, 65, 47, 0, 2}{784, 202, 27, 37, 5, 2}{810, 143, 62, 55, 0, 3}{789, 211, 39, 45, 5, 3}{831, 159, 65, 59, 0, 4}{817, 241, 38, 41, 5, 4}{856, 172, 79, 71, 0, 5}{834, 267, 37, 35, 5, 5}{897, 192, 102, 106, 0, 6}{961, 230, 129, 126, 0, 7}{1086, 292, 171, 162, 0, 8}
{777, 124, 59, 45, 0, 1}{760, 181, 28, 37, 5, 1}{795, 130, 65, 47, 0, 2}{784, 202, 27, 37, 5, 2}{810, 143, 62, 55, 0, 3}{789, 211, 39, 45, 5, 3}{831, 159, 65, 59, 0, 4}{817, 241, 38, 41, 5, 4}{857, 172, 79, 71, 0, 5}{834, 267, 37, 35, 5, 5}{897, 192, 102, 106, 0, 6}{961, 229, 129, 126, 0, 7}{1086, 293, 171, 162, 0, 8}
{777, 124, 59, 45, 0, 1}{760, 181, 28, 37, 5, 1}{795, 130, 65, 47, 0, 2}{784, 202, 27, 37, 5, 2}{810, 143, 62, 55, 0, 3}{789, 211, 39, 45, 5, 3}{831, 159, 65, 59, 0, 4}{817, 241, 38, 41, 5, 4}{856, 172, 79, 71, 0, 5}{834, 267, 37, 35, 5, 5}{897, 192, 102, 106, 0, 6}{961, 230, 129, 126, 0, 7}{1086, 292, 171, 162, 0, 8}
{777, 124, 59, 45, 0, 1}{760, 181, 28, 37, 5, 1}{795, 130, 65, 47, 0, 2}{784, 202, 27, 37, 5, 2}{810, 143, 62, 55, 0, 3}{789, 211, 39, 45, 5, 3}{831, 159, 65, 59, 0, 4}{817, 241, 38, 41, 5, 4}{857, 172, 79, 71, 0, 5}{834, 267, 37, 35, 5, 5}{897, 192, 102, 106, 0, 6}{961, 229, 129, 126, 0, 7}{1086, 293, 171, 162, 0, 8}
{777, 124, 59, 45, 0, 1}{760, 181, 28, 37, 5, 1}{795, 130, 65, 47, 0, 2}{784, 202, 27, 37, 5, 2}{810, 143, 62, 55, 0, 3}{789, 211, 39, 45, 5, 3}{831, 159, 65, 59, 0, 4}{817, 241, 38, 41, 5, 4}{856, 172, 79, 71, 0, 5}{834, 267, 37, 35, 5, 5}{897, 192, 102, 106, 0, 6}{961, 230, 129, 126, 0, 7}{1086, 292, 171, 162, 0, 8}
{777, 124, 59, 45, 0, 1}{760, 181, 28, 37, 5, 1}{795, 130, 65, 47, 0, 2}{784, 202, 27, 37, 5, 2}{810, 143, 62, 55, 0, 3}{789, 211, 39, 45, 5, 3}{831, 159, 65, 59, 0, 4}{817, 241, 38, 41, 5, 4}{857, 172, 79, 71, 0, 5}{834, 267, 37, 35, 5, 5}{897, 192, 102, 106, 0, 6}{961, 229, 129, 126, 0, 7}{1086, 293, 171, 162, 0, 8}
{777, 124, 59, 45, 0, 1}{760, 181, 28, 37, 5, 1}{795, 130, 65, 47, 0, 2}{784, 202, 27, 37, 5, 2}{810, 143, 62, 55, 0, 3}{789, 211, 39, 45, 5, 3}{831, 159, 65, 59, 0, 4}{817, 241, 38, 41, 5, 4}{856, 172, 79, 71, 0, 5}{834, 267, 37, 35, 5, 5}{897, 192, 102, 106, 0, 6}{961, 230, 129, 126, 0, 7}{1086, 292, 171, 162, 0, 8}
{777, 124, 59, 45, 0, 1}{760, 181, 28, 37, 5, 1}{795, 130, 65, 47, 0, 2}{784, 202, 27, 37, 5, 2}{810, 143, 62, 55, 0, 3}{789, 211, 39, 45, 5, 3}{831, 159, 65, 59, 0, 4}{817, 241, 38, 41, 5, 4}{857, 172, 79, 71, 0, 5}{834, 267, 37, 35, 5, 5}{897, 192, 102, 106, 0, 6}{961, 229, 129, 126, 0, 7}{1086, 293, 171, 162, 0, 8}
{777, 124, 59, 45, 0, 1}{760, 181, 28, 37, 5, 1}{795, 130, 65, 47, 0, 2}{784, 202, 27, 37, 5, 2}{810, 143, 62, 55, 0, 3}{789, 211, 39, 45, 5, 3}{831, 159, 65, 59, 0, 4}{817, 241, 38, 41, 5, 4}{856, 172, 79, 71, 0, 5}{834, 267, 37, 35, 5, 5}{897, 192, 102, 106, 0, 6}{961, 230, 129, 126, 0, 7}{1086, 292, 171, 162, 0, 8}
{777, 124, 59, 45, 0, 1}{760, 181, 28, 37, 5, 1}{795, 130, 65, 47, 0, 2}{784, 202, 27, 37, 5, 2}{810, 143, 62, 55, 0, 3}{789, 211, 39, 45, 5, 3}{831, 159, 65, 59, 0, 4}{817, 241, 38, 41, 5, 4}{857, 172, 79, 71, 0, 5}{834, 267, 37, 35, 5, 5}{897, 192, 102, 106, 0, 6}{961, 229, 129, 126, 0, 7}{1086, 293, 171, 162, 0, 8}
{777, 124, 59, 45, 0, 1}{760, 181, 28, 37, 5, 1}{795, 130, 65, 47, 0, 2}{784, 202, 27, 37, 5, 2}{810, 143, 62, 55, 0, 3}{789, 211, 39, 45, 5, 3}{831, 159, 65, 59, 0, 4}{817, 241, 38, 41, 5, 4}{856, 172, 79, 71, 0, 5}{834, 267, 37, 35, 5, 5}{897, 192, 102, 106, 0, 6}{961, 230, 129, 126, 0, 7}{1086, 292, 171, 162, 0, 8}
{777, 124, 59, 45, 0, 1}{760, 181, 28, 37, 5, 1}{795, 130, 65, 47, 0, 2}{784, 202, 27, 37, 5, 2}{810, 143, 62, 55, 0, 3}{789, 211, 39, 45, 5, 3}{831, 159, 65, 59, 0, 4}{817, 241, 38, 41, 5, 4}{857, 172, 79, 71, 0, 5}{834, 267, 37, 35, 5, 5}{897, 192, 102, 106, 0, 6}{961, 229, 129, 126, 0, 7}{1086, 293, 171, 162, 0, 8}
{777, 124, 59, 45, 0, 1}{760, 181, 28, 37, 5, 1}{795, 130, 65, 47, 0, 2}{784, 202, 27, 37, 5, 2}{810, 143, 62, 55, 0, 3}{789, 211, 39, 45, 5, 3}{830, 159, 65, 59, 0, 4}{817, 241, 38, 41, 5, 4}{856, 172, 79, 71, 0, 5}{834, 267, 37, 35, 5, 5}{897, 192, 102, 106, 0, 6}{961, 230, 129, 126, 0, 7}{1086, 292, 171, 162, 0, 8}
{777, 124, 59, 45, 0, 1}{760, 181, 28, 37, 5, 1}{795, 130, 65, 47, 0, 2}{784, 202, 27, 37, 5, 2}{809, 143, 62, 55, 0, 3}{789, 211, 39, 45, 5, 3}{831, 160, 65, 59, 0, 4}{817, 241, 38, 41, 5, 4}{856, 172, 79, 71, 0, 5}{834, 267, 37, 35, 5, 5}{895, 192, 102, 106, 0, 6}{961, 229, 129, 126, 0, 7}{1086, 293, 171, 162, 0, 8}
{777, 124, 59, 45, 0, 1}{760, 181, 28, 37, 5, 1}{794, 130, 65, 47, 0, 2}{784, 202, 27, 37, 5, 2}{807, 143, 62, 55, 0, 3}{789, 211, 39, 45, 5, 3}{829, 159, 65, 59, 0, 4}{817, 241, 38, 41, 5, 4}{855, 172, 79, 71, 0, 5}{834, 267, 37, 35, 5, 5}{892, 194, 100, 105, 0, 6}{959, 230, 129, 126, 0, 7}{1084, 292, 171, 162, 0, 8}
{776, 124, 59, 45, 0, 1}{760, 181, 28, 37, 5, 1}{795, 130, 65, 47, 0, 2}{784, 202, 27, 37, 5, 2}{806, 143, 62, 55, 0, 3}{789, 211, 39, 45, 5, 3}{826, 160, 65, 59, 0, 4}{817, 241, 38, 41, 5, 4}{853, 172, 79, 71, 0, 5}{834, 267, 37, 35, 5, 5}{886, 194, 99, 114, 0, 6}{957, 229, 129, 126, 0, 7}{1082, 293, 171, 162, 0, 8}
{774, 124, 59, 45, 0, 1}{760, 181, 28, 37, 5, 1}{791, 134, 60, 50, 0, 2}{784, 202, 27, 37, 5, 2}{804, 141, 68, 55, 0, 3}{789, 211, 39, 45, 5, 3}{814, 160, 63, 65, 0, 4}{817, 241, 38, 41, 5, 4}{852, 172, 79, 71, 0, 5}{834, 267, 37, 35, 5, 5}{869, 196, 100, 130, 0, 6}{946, 237, 118, 141, 0, 7}{1073, 297, 165, 178, 0, 8}
{772, 124, 59, 45, 0, 1}{760, 181, 28, 37, 5, 1}{786, 133, 57, 57, 0, 2}{784, 202, 27, 37, 5, 2}{800, 144, 59, 58, 0, 3}{789, 211, 39, 45, 5, 3}{811, 165, 50, 63, 0, 4}{817, 241, 38, 41, 5, 4}{846, 173, 71, 77, 0, 5}{834, 267, 37, 35, 5, 5}{866, 196, 93, 131, 0, 6}{938, 239, 119, 147, 0, 7}{1062, 297, 163, 190, 0, 8}
{769, 125, 59, 45, 0, 1}{760, 181, 28, 37, 5, 1}{782, 132, 60, 57, 0, 2}{784, 202, 27, 37, 5, 2}{800, 144, 59, 58, 0, 3}{789, 211, 39, 45, 5, 3}{801, 161, 58, 71, 0, 4}{817, 241, 38, 41, 5, 4}{839, 169, 74, 77, 0, 5}{834, 267, 37, 35, 5, 5}{857, 199, 89, 137, 0, 6}{922, 243, 106, 163, 0, 7}{1050, 294, 171, 198, 0, 8}
{763, 125, 48, 45, 0, 1}{760, 181, 28, 37, 5, 1}{780, 134, 64, 54, 0, 2}{784, 202, 27, 37, 5, 2}{796, 145, 59, 58, 0, 3}{789, 211, 39, 45, 5, 3}{794, 163, 48, 68, 0, 4}{817, 241, 38, 41, 5, 4}{832, 176, 66, 87, 0, 5}{834, 267, 37, 35, 5, 5}{844, 202, 80, 142, 0, 6}{904, 243, 111, 181, 0, 7}{1038, 304, 157, 208, 0, 8}
{758, 125, 39, 43, 0, 1}{760, 181, 28, 37, 5, 1}{778, 135, 57, 53, 0, 2}{784, 202, 27, 37, 5, 2}{786, 148, 53, 75, 0, 3}{789, 211, 39, 45, 5, 3}{786, 169, 35, 73, 0, 4}{817, 241, 38, 41, 5, 4}{823, 179, 62, 85, 0, 5}{834, 267, 37, 35, 5, 5}{828, 211, 73, 156, 0, 6}{894, 241, 107, 185, 0, 7}{1008, 306, 159, 232, 0, 8}
{746, 124, 37, 48, 0, 1}{760, 181, 28, 37, 5, 1}{771, 136, 41, 60, 0, 2}{784, 202, 27, 37, 5, 2}{780, 148, 55, 77, 0, 3}{789, 211, 39, 45, 5, 3}{776, 164, 37, 83, 0, 4}{817, 241, 38, 41, 5, 4}{815, 177, 64, 85, 0, 5}{834, 267, 37, 35, 5, 5}{814, 214, 65, 175, 0, 6}{875, 255, 90, 196, 0, 7}{1004, 311, 144, 234, 0, 8}
{741, 125, 38, 59, 0, 1}{760, 181, 28, 37, 5, 1}{764, 137, 39, 65, 0, 2}{784, 202, 27, 37, 5, 2}{769, 154, 42, 81, 0, 3}{793, 204, 49, 35, 5, 3}{761, 166, 38, 83, 0, 4}{817, 241, 38, 41, 5, 4}{808, 179, 52, 88, 0, 5}{834, 267, 37, 35, 5, 5}{804, 204, 86, 169, 0, 6}{853, 247, 102, 214, 0, 7}{981, 314, 139, 257, 0, 8}
{736, 126, 36, 51, 0, 1}{760, 181, 28, 37, 5, 1}{764, 137, 38, 81, 0, 2}{784, 202, 27, 37, 5, 2}{757, 157, 32, 81, 0, 3}{793, 204, 49, 35, 5, 3}{757, 169, 35, 85, 0, 4}{817, 241, 38, 41, 5, 4}{794, 182, 55, 143, 0, 5}{835, 265, 43, 43, 5, 5}{785, 210, 70, 185, 0, 6}{840, 254, 93, 204, 0, 7}{961, 313, 142, 265, 0, 8}
{724, 128, 32, 66, 0, 1}{761, 183, 29, 39, 5, 1}{745, 137, 41, 102, 0, 2}{0, 0, 0, 0, 5, 2}{750, 157, 31, 95, 0, 3}{0, 0, 0, 0, 5, 3}{745, 170, 32, 106, 0, 4}{820, 243, 37, 38, 5, 4}{789, 180, 60, 139, 0, 5}{835, 265, 43, 43, 5, 5}{777, 204, 74, 184, 0, 6}{821, 243, 95, 210, 0, 7}{939, 319, 136, 271, 0, 8}
{724, 131, 33, 51, 0, 1}{761, 183, 29, 39, 5, 1}{735, 144, 36, 114, 0, 2}{785, 202, 33, 39, 5, 2}{745, 152, 36, 105, 0, 3}{792, 210, 38, 35, 5, 3}{735, 172, 26, 96, 0, 4}{820, 243, 37, 38, 5, 4}{773, 182, 55, 145, 0, 5}{0, 0, 0, 0, 5, 5}{759, 196, 73, 188, 1, 6}{808, 241, 81, 208, 1, 7}{917, 309, 149, 293, 0, 8}
{720, 132, 24, 57, 0, 1}{0, 0, 0, 0, 5, 1}{721, 140, 32, 111, 0, 2}{785, 203, 24, 38, 5, 2}{733, 161, 29, 107, 0, 3}{791, 213, 33, 38, 5, 3}{723, 176, 26, 90, 0, 4}{820, 244, 37, 38, 5, 4}{763, 184, 55, 150, 0, 5}{843, 268, 25, 33, 5, 5}{745, 200, 66, 174, 1, 6}{785, 239, 84, 227, 1, 7}{888, 326, 130, 305, 0, 8}
{709, 130, 30, 94, 0, 1}{0, 0, 0, 0, 5, 1}{718, 141, 33, 117, 1, 2}{0, 0, 0, 0, 5, 2}{723, 161, 32, 107, 0, 3}{790, 210, 43, 38, 5, 3}{714, 181, 29, 101, 0, 4}{820, 243, 37, 38, 5, 4}{753, 182, 60, 147, 1, 5}{842, 265, 29, 30, 5, 5}{728, 201, 69, 184, 1, 6}{771, 240, 91, 222, 1, 7}{874, 328, 142, 308, 0, 8}
{702, 132, 45, 120, 1, 1}{0, 0, 0, 0, 5, 1}{705, 145, 34, 126, 1, 2}{785, 200, 29, 42, 5, 2}{721, 134, 61, 117, 0, 3}{790, 210, 43, 38, 5, 3}{712, 183, 39, 112, 1, 4}{822, 242, 38, 34, 5, 4}{744, 189, 54, 146, 1, 5}{836, 260, 47, 41, 5, 5}{712, 208, 76, 203, 1, 6}{742, 238, 104, 229, 1, 7}{852, 335, 116, 309, 1, 8}
{701, 125, 40, 91, 1, 1}{0, 0, 0, 0, 5, 1}{710, 146, 38, 110, 1, 2}{0, 0, 0, 0, 5, 2}{713, 151, 44, 113, 1, 3}{790, 210, 43, 38, 5, 3}{700, 187, 37, 117, 1, 4}{822, 242, 38, 34, 5, 4}{735, 193, 53, 140, 1, 5}{838, 265, 36, 33, 5, 5}{700, 211, 84, 181, 1, 6}{724, 242, 118, 218, 1, 7}{835, 336, 119, 294, 1, 8}
{689, 137, 33, 96, 1, 1}{0, 0, 0, 0, 5, 1}{699, 150, 29, 115, 1, 2}{0, 0, 0, 0, 5, 2}{706, 146, 56, 103, 1, 3}{791, 211, 39, 37, 5, 3}{693, 191, 45, 122, 1, 4}{822, 242, 38, 34, 5, 4}{719, 192, 66, 155, 1, 5}{840, 264, 42, 34, 5, 5}{679, 225, 78, 192, 1, 6}{696, 255, 118, 234, 1, 7}{812, 340, 137, 297, 1, 8}
{687, 137, 45, 85, 1, 1}{0, 0, 0, 0, 5, 1}{693, 151, 38, 113, 1, 2}{785, 200, 29, 42, 5, 2}{702, 152, 54, 89, 1, 3}{794, 206, 43, 38, 5, 3}{678, 193, 53, 118, 1, 4}{822, 242, 38, 34, 5, 4}{704, 198, 70, 169, 1, 5}{836, 260, 47, 41, 5, 5}{673, 234, 91, 191, 1, 6}{691, 271, 116, 223, 1, 7}{781, 356, 122, 324, 1, 8}
{674, 135, 53, 92, 1, 1}{0, 0, 0, 0, 5, 1}{697, 151, 41, 97, 1, 2}{690, 155, 56, 95, 1, 3}{792, 209, 40, 36, 5, 3}{664, 195, 69, 125, 1, 4}{822, 242, 38, 34, 5, 4}{696, 208, 64, 138, 1, 5}{840, 264, 42, 34, 5, 5}{649, 237, 103, 197, 1, 6}{667, 274, 130, 242, 1, 7}{727, 364, 137, 338, 1, 8}
{669, 144, 45, 88, 1, 1}{0, 0, 0, 0, 5, 1}{680, 155, 42, 98, 1, 2}{675, 164, 61, 103, 1, 3}{791, 209, 39, 36, 5, 3}{652, 193, 72, 137, 1, 4}{822, 242, 38, 34, 5, 4}{686, 206, 78, 149, 1, 5}{840, 264, 42, 34, 5, 5}{637, 257, 91, 195, 1, 6}{665, 277, 155, 218, 1, 7}{710, 355, 163, 326, 1, 8}
{665, 140, 53, 89, 1, 1}{758, 176, 33, 41, 5, 1}{677, 156, 51, 111, 1, 2}{0, 0, 0, 0, 5, 2}{666, 164, 73, 104, 1, 3}{794, 206, 43, 38, 5, 3}{640, 203, 63, 138, 1, 4}{822, 242, 38, 34, 5, 4}{672, 207, 81, 143, 1, 5}{840, 264, 42, 34, 5, 5}{624, 261, 95, 196, 1, 6}{644, 296, 132, 218, 1, 7}{681, 375, 144, 329, 1, 8}
{656, 148, 41, 90, 1, 1}{763, 183, 29, 33, 5, 1}{671, 162, 49, 101, 1, 2}{655, 172, 72, 104, 1, 3}{792, 214, 35, 37, 5, 3}{637, 202, 68, 121, 1, 4}{822, 242, 38, 34, 5, 4}{668, 213, 86, 137, 1, 5}{840, 264, 42, 34, 5, 5}{622, 275, 78, 169, 1, 6}{642, 304, 139, 200, 1, 7}{657, 380, 157, 336, 1, 8}
{651, 156, 49, 94, 1, 1}{760, 182, 27, 39, 5, 1}{666, 166, 49, 103, 1, 2}{786, 203, 30, 30, 5, 2}{652, 185, 61, 96, 1, 3}{792, 209, 43, 36, 5, 3}{623, 207, 70, 123, 1, 4}{822, 242, 38, 34, 5, 4}{644, 217, 81, 156, 1, 5}{840, 264, 42, 34, 5, 5}{609, 274, 90, 163, 1, 6}{629, 318, 127, 187, 1, 7}{649, 407, 141, 312, 1, 8}
{646, 157, 46, 82, 1, 1}{760, 182, 27, 39, 5, 1}{658, 167, 57, 115, 1, 2}{786, 203, 30, 30, 5, 2}{643, 188, 62, 93, 1, 3}{794, 206, 43, 38, 5, 3}{615, 214, 60, 121, 1, 4}{822, 242, 38, 34, 5, 4}{628, 217, 96, 150, 1, 5}{840, 264, 42, 34, 5, 5}{595, 287, 86, 172, 1, 6}{610, 333, 121, 196, 1, 7}{630, 412, 143, 318, 1, 8}
{652, 162, 49, 69, 1, 1}{760, 182, 27, 39, 5, 1}{651, 169, 61, 100, 1, 2}{786, 203, 30, 30, 5, 2}{660, 192, 47, 73, 1, 3}{791, 212, 34, 35, 5, 3}{612, 216, 59, 120, 1, 4}{822, 242, 38, 34, 5, 4}{620, 229, 79, 162, 1, 5}{840, 264, 42, 34, 5, 5}{570, 290, 81, 187, 1, 6}{583, 345, 107, 206, 1, 7}{604, 419, 144, 319, 1, 8}
{661, 164, 46, 66, 1, 1}{760, 182, 27, 39, 5, 1}{645, 178, 56, 100, 1, 2}{786, 203, 30, 30, 5, 2}{655, 193, 46, 69, 1, 3}{791, 212, 34, 35, 5, 3}{611, 223, 54, 104, 1, 4}{822, 242, 38, 34, 5, 4}{629, 235, 71, 132, 1, 5}{840, 264, 42, 34, 5, 5}{563, 304, 68, 176, 1, 6}{568, 363, 93, 196, 1, 7}{574, 432, 135, 325, 1, 8}
{657, 164, 41, 57, 1, 1}{760, 182, 27, 39, 5, 1}{640, 175, 53, 101, 1, 2}{786, 203, 30, 30, 5, 2}{644, 202, 44, 64, 1, 3}{791, 212, 34, 35, 5, 3}{590, 235, 44, 118, 1, 4}{822, 242, 38, 34, 5, 4}{636, 245, 51, 112, 1, 5}{840, 263, 42, 34, 5, 5}{550, 310, 69, 177, 1, 6}{560, 365, 94, 201, 1, 7}{550, 442, 132, 327, 1, 8}
{657, 177, 25, 50, 1, 1}{760, 182, 27, 39, 5, 1}{637, 185, 42, 87, 1, 2}{786, 203, 30, 30, 5, 2}{636, 216, 29, 71, 1, 3}{791, 212, 34, 35, 5, 3}{579, 240, 35, 123, 1, 4}{822, 242, 38, 34, 5, 4}{629, 250, 50, 111, 1, 5}{840, 263, 42, 34, 5, 5}{527, 310, 71, 188, 1, 6}{535, 383, 82, 208, 1, 7}{521, 460, 116, 336, 1, 8}
{653, 175, 30, 49, 1, 1}{760, 182, 27, 39, 5, 1}{628, 183, 47, 95, 1, 2}{786, 203, 30, 30, 5, 2}{608, 220, 30, 98, 3, 3}{791, 212, 34, 35, 5, 3}{573, 243, 37, 110, 1, 4}{822, 242, 38, 34, 5, 4}{597, 249, 71, 136, 1, 5}{840, 263, 42, 34, 5, 5}{512, 331, 44, 191, 1, 6}{512, 393, 75, 228, 1, 7}{492, 469, 118, 347, 1, 8}
{628, 179, 33, 85, 1, 1}{760, 182, 27, 39, 5, 1}{627, 192, 41, 87, 1, 2}{786, 203, 30, 30, 5, 2}{608, 227, 22, 96, 3, 3}{791, 212, 34, 35, 5, 3}{575, 247, 33, 116, 1, 4}{822, 242, 38, 34, 5, 4}{573, 263, 53, 150, 1, 5}{840, 263, 42, 34, 5, 5}{527, 325, 59, 202, 3, 6}{506, 385, 89, 229, 3, 7}{479, 472, 111, 351, 1, 8}
{634, 192, 20, 56, 3, 1}{760, 182, 27, 39, 5, 1}{617, 192, 41, 90, 1, 2}{786, 203, 30, 30, 5, 2}{614, 228, 24, 70, 3, 3}{791, 212, 34, 35, 5, 3}{544, 246, 35, 144, 3, 4}{822, 242, 38, 34, 5, 4}{568, 275, 43, 148, 1, 5}{840, 263, 42, 34, 5, 5}{491, 341, 34, 185, 3, 6}{484, 413, 52, 192, 3, 7}{450, 503, 88, 348, 1, 8}
{0, 0, 0, 0, 3, 1}{760, 182, 27, 39, 5, 1}{620, 201, 29, 86, 1, 2}{786, 203, 30, 30, 5, 2}{599, 223, 23, 96, 3, 3}{791, 212, 34, 35, 5, 3}{545, 251, 30, 125, 3, 4}{822, 242, 38, 34, 5, 4}{539, 285, 36, 145, 3, 5}{840, 263, 42, 34, 5, 5}{477, 344, 39, 190, 3, 6}{458, 424, 47, 217, 3, 7}{433, 520, 74, 314, 3, 8}
{0, 0, 0, 0, 3, 1}{760, 182, 27, 39, 5, 1}{606, 200, 30, 87, 1, 2}{786, 203, 30, 30, 5, 2}{598, 226, 25, 94, 3, 3}{791, 212, 34, 35, 5, 3}{541, 255, 35, 126, 3, 4}{822, 242, 38, 34, 5, 4}{532, 290, 29, 161, 3, 5}{839, 263, 42, 34, 5, 5}{473, 329, 64, 228, 3, 6}{437, 422, 47, 230, 3, 7}{419, 522, 83, 360, 3, 8}
{0, 0, 0, 0, 3, 1}{760, 182, 27, 39, 5, 1}{614, 204, 27, 74, 3, 2}{786, 204, 30, 30, 5, 2}{594, 229, 22, 103, 3, 3}{791, 212, 34, 35, 5, 3}{530, 250, 31, 134, 3, 4}{822, 242, 38, 34, 5, 4}{512, 292, 30, 164, 3, 5}{839, 262, 42, 34, 5, 5}{454, 346, 38, 200, 3, 6}{425, 430, 43, 228, 3, 7}{418, 524, 75, 321, 3, 8}
{0, 0, 0, 0, 3, 1}{760, 182, 27, 39, 5, 1}{584, 209, 22, 90, 3, 2}{786, 204, 30, 30, 5, 2}{593, 227, 21, 80, 3, 3}{791, 212, 34, 35, 5, 3}{506, 263, 19, 155, 3, 4}{822, 242, 38, 34, 5, 4}{503, 288, 33, 161, 3, 5}{839, 262, 42, 34, 5, 5}{444, 338, 44, 215, 3, 6}{419, 421, 49, 238, 3, 7}{421, 539, 56, 292, 3, 8}
{0, 0, 0, 0, 3, 1}{760, 182, 27, 39, 5, 1}{577, 207, 24, 133, 3, 2}{786, 204, 30, 30, 5, 2}{597, 225, 25, 83, 3, 3}{791, 212, 34, 35, 5, 3}{509, 256, 26, 136, 3, 4}{822, 242, 38, 34, 5, 4}{490, 292, 33, 172, 3, 5}{839, 262, 42, 34, 5, 5}{432, 342, 48, 281, 3, 6}{403, 434, 39, 244, 3, 7}{419, 522, 83, 360, 3, 8}
{0, 0, 0, 0, 3, 1}{760, 182, 27, 39, 5, 1}{574, 212, 16, 101, 3, 2}{786, 204, 30, 30, 5, 2}{592, 225, 24, 76, 3, 3}{791, 212, 34, 35, 5, 3}{508, 261, 22, 144, 3, 4}{822, 242, 38, 34, 5, 4}{487, 290, 33, 179, 3, 5}{839, 262, 42, 34, 5, 5}{420, 346, 36, 220, 3, 6}{385, 419, 57, 257, 3, 7}{341, 536, 66, 364, 3, 8}
{0, 0, 0, 0, 3, 1}{760, 182, 27, 39, 5, 1}{0, 0, 0, 0, 3, 2}{786, 204, 30, 30, 5, 2}{574, 231, 20, 82, 3, 3}{791, 212, 34, 35, 5, 3}{505, 256, 26, 147, 3, 4}{822, 242, 38, 34, 5, 4}{473, 291, 32, 180, 3, 5}{839, 262, 42, 34, 5, 5}{413, 348, 41, 214, 3, 6}{378, 437, 39, 257, 3, 7}{322, 550, 55, 324, 3, 8}
{0, 0, 0, 0, 3, 1}{760, 182, 27, 39, 5, 1}{0, 0, 0, 0, 3, 2}{786, 204, 30, 30, 5, 2}{0, 0, 0, 0, 3, 3}{791, 212, 34, 35, 5, 3}{533, 255, 27, 109, 3, 4}{822, 242, 38, 34, 5, 4}{482, 291, 34, 171, 3, 5}{839, 262, 42, 34, 5, 5}{409, 341, 50, 283, 3, 6}{358, 419, 68, 275, 3, 7}{307, 526, 91, 365, 3, 8}
{0, 0, 0, 0, 3, 1}{760, 182, 27, 39, 5, 1}{0, 0, 0, 0, 3, 2}{786, 204, 30, 30, 5, 2}{0, 0, 0, 0, 3, 3}{791, 212, 34, 35, 5, 3}{519, 259, 24, 118, 3, 4}{822, 242, 38, 34, 5, 4}{472, 297, 32, 173, 3, 5}{840, 255, 49, 44, 5, 5}{399, 343, 46, 213, 3, 6}{366, 431, 43, 282, 3, 7}{296, 549, 61, 358, 3, 8}
{0, 0, 0, 0, 3, 1}{760, 182, 27, 39, 5, 1}{0, 0, 0, 0, 3, 2}{786, 204, 30, 30, 5, 2}{0, 0, 0, 0, 3, 3}{791, 212, 34, 35, 5, 3}{501, 264, 18, 112, 3, 4}{822, 242, 38, 34, 5, 4}{469, 301, 27, 155, 3, 5}{840, 255, 49, 44, 5, 5}{385, 344, 40, 216, 3, 6}{335, 432, 42, 283, 3, 7}{277, 549, 58, 340, 3, 8}
{0, 0, 0, 0, 3, 1}{760, 182, 27, 39, 5, 1}{0, 0, 0, 0, 3, 2}{786, 204, 30, 30, 5, 2}{0, 0, 0, 0, 3, 3}{791, 212, 34, 35, 5, 3}{484, 261, 22, 132, 3, 4}{822, 242, 38, 34, 5, 4}{460, 302, 24, 159, 3, 5}{840, 255, 49, 44, 5, 5}{382, 348, 35, 235, 3, 6}{329, 436, 47, 294, 3, 7}{263, 554, 61, 363, 3, 8}
{0, 0, 0, 0, 3, 1}{760, 182, 27, 39, 5, 1}{0, 0, 0, 0, 3, 2}{786, 204, 30, 30, 5, 2}{0, 0, 0, 0, 3, 3}{791, 212, 34, 35, 5, 3}{483, 259, 26, 131, 3, 4}{822, 242, 38, 34, 5, 4}{481, 302, 24, 138, 3, 5}{838, 255, 53, 48, 5, 5}{369, 350, 34, 233, 3, 6}{319, 434, 45, 283, 3, 7}{257, 543, 70, 361, 3, 8}
{0, 0, 0, 0, 3, 1}{760, 182, 27, 39, 5, 1}{0, 0, 0, 0, 3, 2}{786, 204, 30, 30, 5, 2}{0, 0, 0, 0, 3, 3}{791, 212, 34, 35, 5, 3}{471, 258, 28, 147, 3, 4}{822, 242, 38, 34, 5, 4}{473, 295, 34, 155, 3, 5}{840, 255, 49, 44, 5, 5}{379, 349, 34, 216, 3, 6}{309, 433, 41, 297, 3, 7}{230, 543, 68, 395, 3, 8}