Classes: 0 == on_block, 1 == diving, 2 == swimming, 3 == underwater, 4 == turning, 5 == finishing
mAP value of finding a swimmer in each class is: 
0. -1
1. -1
2. 0.952
3. 0.541667
4. -1
5. -1
Skip size is 3
AP per frame for each class (-1 represents true negitive):
        0        3        6        9       12       15       18       21       24       27       30       33       36       39       42       45       48       51       54       57       60       63       66       69       72
0. -1.0000, -1.0000, -1.0000, -1.0000, -1.0000, -1.0000, -1.0000, -1.0000, -1.0000, -1.0000, -1.0000, -1.0000, -1.0000, -1.0000, -1.0000, -1.0000, -1.0000, -1.0000, -1.0000, -1.0000, -1.0000, -1.0000, -1.0000, -1.0000, -1.0000
1. -1.0000, -1.0000, -1.0000, -1.0000, -1.0000, -1.0000, -1.0000, -1.0000, -1.0000, -1.0000, -1.0000, -1.0000, -1.0000, -1.0000, -1.0000, -1.0000, -1.0000, -1.0000, -1.0000, -1.0000, -1.0000, -1.0000, -1.0000, -1.0000, -1.0000
2.  1.0000,  0.6667,  0.7500,  0.8000,  0.8333,  1.0000,  1.0000,  1.0000,  1.0000,  1.0000,  1.0000,  1.0000,  1.0000,  1.0000,  1.0000,  1.0000,  1.0000,  1.0000,  1.0000,  1.0000,  1.0000,  0.8750,  1.0000,  1.0000,  0.8750
3.  0.7500,  0.7500,  0.6667,  0.5000,  1.0000,  1.0000,  1.0000, -1.0000, -1.0000, -1.0000, -1.0000, -1.0000, -1.0000,  0.0000,  0.0000,  0.0000,  1.0000,  0.0000,  0.0000,  1.0000,  1.0000,  0.0000, -1.0000, -1.0000, -1.0000
4. -1.0000, -1.0000, -1.0000, -1.0000, -1.0000, -1.0000, -1.0000, -1.0000, -1.0000, -1.0000, -1.0000, -1.0000, -1.0000, -1.0000, -1.0000, -1.0000, -1.0000, -1.0000, -1.0000, -1.0000, -1.0000, -1.0000, -1.0000, -1.0000, -1.0000
5. -1.0000, -1.0000, -1.0000, -1.0000, -1.0000, -1.0000, -1.0000, -1.0000, -1.0000, -1.0000, -1.0000, -1.0000, -1.0000, -1.0000, -1.0000, -1.0000, -1.0000, -1.0000, -1.0000, -1.0000, -1.0000, -1.0000, -1.0000, -1.0000, -1.0000
