#Header, frames per second, video resolution(hight width), total number of frames in video.
FPS: 29.97
RES: 720 1280
TNF: 216
#Data x, y, h, w, c, and l always in this order, for each lane. Sorted in order.
{807, 139, 72, 63, 1, 3}{886, 120, 136, 44, 1, 5}{902, 176, 118, 89, 1, 6}{993, 152, 201, 79, 1, 7}{1091, 238, 220, 143, 1, 8}
{807, 139, 72, 63, 1, 3}{886, 120, 136, 44, 1, 5}{902, 176, 118, 89, 1, 6}{1000, 161, 194, 68, 1, 7}
{807, 139, 72, 63, 1, 3}{886, 120, 136, 44, 1, 5}{901, 168, 123, 82, 1, 6}{991, 168, 193, 73, 1, 7}
{877, 112, 138, 52, 1, 5}{900, 169, 121, 86, 1, 6}{988, 171, 186, 80, 1, 7}
{877, 112, 138, 52, 1, 5}{896, 168, 127, 85, 1, 6}{978, 180, 174, 88, 1, 7}
{877, 112, 138, 52, 1, 5}{897, 161, 133, 94, 1, 6}{978, 191, 158, 96, 1, 7}
{877, 112, 138, 52, 1, 5}{897, 173, 115, 96, 1, 6}{979, 200, 151, 91, 1, 7}
{877, 112, 138, 52, 1, 5}{899, 170, 125, 91, 1, 6}{974, 203, 151, 97, 1, 7}
{877, 112, 138, 52, 1, 5}{899, 170, 125, 88, 1, 6}{976, 207, 145, 103, 1, 7}
{877, 112, 138, 52, 1, 5}{897, 170, 122, 89, 1, 6}{971, 215, 133, 106, 1, 7}
{880, 119, 129, 49, 1, 5}{903, 170, 121, 81, 1, 6}{968, 208, 150, 110, 1, 7}
{880, 119, 129, 49, 1, 5}{893, 166, 125, 95, 1, 6}{967, 209, 147, 106, 1, 7}
{880, 119, 129, 49, 1, 5}{895, 171, 117, 92, 1, 6}{971, 207, 155, 101, 1, 7}
{880, 119, 129, 49, 1, 5}{897, 171, 118, 90, 1, 6}{963, 196, 160, 125, 1, 7}
{880, 119, 129, 49, 1, 5}{897, 167, 127, 89, 1, 6}{974, 210, 147, 104, 1, 7}
{878, 126, 124, 47, 1, 5}{895, 172, 119, 92, 1, 6}{971, 212, 141, 106, 1, 7}
{878, 126, 124, 47, 1, 5}{900, 170, 119, 87, 1, 6}{971, 212, 145, 108, 1, 7}
{878, 126, 124, 47, 1, 5}{900, 176, 117, 87, 1, 6}{970, 206, 158, 104, 1, 7}
{876, 133, 115, 54, 1, 5}{898, 172, 117, 88, 1, 6}{969, 218, 135, 103, 1, 7}
{876, 133, 115, 54, 1, 5}{900, 169, 124, 82, 1, 6}{974, 214, 140, 103, 1, 7}
{876, 133, 115, 54, 1, 5}{900, 170, 119, 84, 1, 6}{966, 212, 137, 119, 1, 7}
{876, 133, 115, 54, 1, 5}{895, 167, 124, 91, 1, 6}{971, 214, 138, 112, 1, 7}
{876, 133, 115, 54, 1, 5}{897, 172, 119, 88, 1, 6}{974, 209, 141, 101, 1, 7}
{876, 133, 115, 54, 1, 5}{898, 168, 122, 91, 1, 6}{972, 210, 150, 109, 1, 7}
{876, 133, 115, 54, 1, 5}{893, 171, 121, 94, 1, 6}{973, 219, 138, 101, 1, 7}
{876, 133, 115, 54, 1, 5}{895, 171, 123, 89, 1, 6}{971, 221, 134, 117, 1, 7}
{870, 133, 120, 58, 1, 5}{898, 172, 118, 103, 1, 6}{975, 220, 133, 98, 1, 7}
{870, 133, 120, 58, 1, 5}{895, 171, 124, 101, 1, 6}{973, 211, 141, 108, 1, 7}
{870, 133, 120, 58, 1, 5}{897, 171, 122, 99, 1, 6}{965, 210, 144, 109, 1, 7}
{864, 142, 108, 67, 1, 5}{902, 179, 110, 94, 1, 6}{962, 215, 137, 113, 1, 7}
{864, 148, 103, 74, 1, 5}{902, 182, 110, 97, 1, 6}{954, 210, 145, 128, 1, 7}
{864, 156, 100, 70, 1, 5}{896, 183, 107, 102, 1, 6}{961, 218, 131, 104, 1, 7}
{864, 156, 100, 70, 1, 5}{898, 185, 107, 103, 1, 6}{961, 220, 136, 123, 1, 7}
{864, 156, 100, 70, 1, 5}{891, 187, 105, 109, 1, 6}{957, 213, 140, 126, 1, 7}
{861, 165, 87, 68, 1, 5}{902, 187, 101, 101, 1, 6}{962, 219, 140, 125, 1, 7}
{861, 165, 87, 68, 1, 5}{898, 190, 103, 103, 1, 6}{958, 216, 143, 128, 1, 7}
{861, 165, 87, 68, 1, 5}{902, 190, 103, 97, 1, 6}{955, 230, 129, 141, 1, 7}
{857, 162, 90, 74, 1, 5}{895, 187, 107, 104, 1, 6}{954, 222, 139, 135, 1, 7}
{857, 162, 90, 74, 1, 5}{892, 189, 103, 115, 1, 6}{957, 222, 142, 135, 1, 7}
{848, 170, 83, 86, 1, 5}{893, 187, 109, 110, 1, 6}{959, 224, 139, 135, 1, 7}
{848, 170, 83, 86, 1, 5}{892, 193, 106, 106, 1, 6}{959, 212, 146, 135, 1, 7}
{848, 170, 83, 86, 1, 5}{886, 191, 101, 120, 1, 6}{954, 227, 123, 134, 1, 7}
{848, 170, 83, 86, 1, 5}{890, 191, 107, 109, 1, 6}{964, 230, 134, 130, 1, 7}
{848, 170, 83, 86, 1, 5}{888, 184, 109, 117, 1, 6}{964, 226, 131, 129, 1, 7}
{848, 170, 83, 86, 1, 5}{892, 183, 113, 113, 1, 6}{955, 229, 125, 136, 1, 7}
{848, 170, 83, 86, 1, 5}{886, 194, 94, 117, 1, 6}{954, 221, 135, 137, 1, 7}
{848, 170, 83, 86, 1, 5}{889, 190, 103, 113, 1, 6}{954, 222, 140, 138, 1, 7}
{848, 170, 83, 86, 1, 5}{889, 192, 105, 113, 1, 6}{946, 226, 129, 142, 1, 7}
{848, 170, 83, 86, 1, 5}{890, 193, 101, 110, 1, 6}{958, 222, 132, 128, 1, 7}
{848, 170, 83, 86, 1, 5}{892, 192, 104, 114, 1, 6}{957, 219, 141, 130, 1, 7}
{848, 170, 83, 86, 1, 5}{887, 193, 97, 114, 1, 6}{961, 214, 147, 131, 1, 7}
{848, 170, 83, 86, 1, 5}{895, 198, 97, 110, 1, 6}{957, 220, 138, 133, 1, 7}
{848, 170, 83, 86, 1, 5}{895, 196, 97, 111, 1, 6}{953, 221, 135, 140, 1, 7}
{848, 170, 83, 86, 1, 5}{891, 194, 99, 106, 1, 6}{955, 217, 145, 141, 1, 7}
{848, 170, 83, 86, 1, 5}{889, 200, 95, 115, 1, 6}{961, 224, 133, 134, 1, 7}
{848, 170, 83, 86, 1, 5}{884, 194, 94, 116, 1, 6}{957, 218, 138, 134, 1, 7}
{848, 170, 83, 86, 1, 5}{891, 195, 99, 110, 1, 6}{957, 226, 134, 132, 1, 7}
{848, 170, 83, 86, 1, 5}{885, 192, 102, 120, 1, 6}{956, 220, 140, 136, 1, 7}
{848, 170, 83, 86, 1, 5}{869, 196, 100, 130, 1, 6}{937, 225, 136, 155, 1, 7}
{834, 175, 79, 89, 1, 5}{843, 201, 100, 141, 1, 6}{904, 243, 111, 181, 1, 7}
{805, 170, 85, 130, 1, 5}{804, 204, 86, 169, 1, 6}{853, 247, 102, 214, 1, 7}
{776, 177, 70, 142, 1, 5}{759, 196, 73, 188, 2, 6}{809, 237, 87, 217, 1, 7}
{725, 180, 61, 165, 2, 5}{712, 208, 76, 203, 2, 6}{742, 238, 104, 229, 2, 7}
{714, 192, 76, 143, 2, 5}{673, 234, 91, 191, 2, 6}{691, 271, 116, 223, 2, 7}
{668, 205, 85, 160, 2, 5}{624, 261, 95, 196, 2, 6}{644, 296, 132, 218, 2, 7}
{668, 205, 85, 160, 2, 5}{595, 287, 86, 172, 2, 6}{610, 333, 121, 196, 2, 7}
{550, 310, 69, 177, 2, 6}{560, 365, 94, 201, 2, 7}
{527, 325, 59, 202, 4, 6}{506, 385, 89, 229, 4, 7}
{473, 329, 64, 228, 4, 6}{442, 393, 93, 253, 4, 7}
{432, 342, 48, 281, 4, 6}{411, 394, 89, 267, 4, 7}
{409, 341, 50, 283, 4, 6}{358, 419, 68, 275, 4, 7}
{389, 341, 41, 289, 4, 6}{329, 436, 47, 294, 4, 7}